11:01:22.414 CAN::Logger:318244,0,404,0,0,2,01,00
11:01:22.415 CAN::Logger:318244,0,300,0,0,8,03,5A,00,5A,32,00,32,31
11:01:22.416 CAN::Logger:318244,1,405,0,0,8,01,00,00,00,00,04,06,04
11:01:22.418 CAN::Logger:318244,0,301,0,0,3,B3,01,00
11:01:22.421 CAN::Logger:318244,0,450,0,0,2,4A,00
11:01:22.426 CAN::Logger:318254,1,401,0,0,8,E0,3E,00,00,05,00,00,00
11:01:22.430 CAN::Logger:318264,1,201,0,0,5,00,00,00,00,68
11:01:22.435 CAN::Logger:318274,1,203,0,0,8,00,00,00,00,00,00,FF,0F
11:01:22.440 CAN::Logger:318274,1,400,0,0,8,00,00,04,00,00,00,00,00
11:01:22.445 CAN::Logger:318284,1,204,0,0,8,00,00,00,00,00,00,00,00
11:01:22.450 CAN::Logger:318284,0,300,0,0,8,03,5A,00,5A,32,00,32,32
11:01:22.453 CAN::Logger:318294,0,301,0,0,3,6B,02,00
11:01:22.459 CAN::Logger:318294,1,206,0,0,8,00,00,00,00,00,00,00,00
11:01:22.464 CAN::Logger:318294,1,202,0,0,8,E2,00,00,00,00,00,00,00
11:01:22.469 CAN::Logger:318314,1,666,0,0,8,52,08,05,00,52,95,36,02
11:01:22.473 CAN::Logger:318324,1,665,0,0,8,00,00,00,53,4C,18,53,00
11:01:22.479 CAN::Logger:318334,1,200,0,0,8,00,00,00,00,00,00,00,00
11:01:22.483 CAN::Logger:318334,0,300,0,0,8,03,5A,00,5A,32,00,32,33
11:01:22.487 CAN::Logger:318334,0,301,0,0,3,96,03,00
11:01:22.491 CAN::Logger:318354,1,401,0,0,8,E0,3E,00,00,44,00,00,00
11:01:22.496 CAN::Logger:318364,1,201,0,0,5,00,00,00,00,60
11:01:22.499 CAN::Logger:318364,0,4a4,0,0,2,01,00
11:01:22.503 CAN::Logger:318374,1,203,0,0,8,00,00,00,00,00,00,00,00
11:01:22.509 CAN::Logger:318374,1,400,0,0,8,01,00,0C,00,00,00,00,00
11:01:22.514 CAN::Logger:318384,0,300,0,0,8,03,5A,00,5A,32,00,32,74
11:01:22.516 CAN::Logger:318394,0,301,0,0,3,03,04,00
11:01:22.521 CAN::Logger:318394,1,206,0,0,8,00,00,00,00,00,00,00,00
11:01:22.525 CAN::Logger:318404,0,450,0,0,2,4A,00
11:01:22.529 CAN::Logger:318434,0,300,0,0,8,03,5A,00,5A,32,00,32,75
11:01:22.533 CAN::Logger:318444,0,301,0,0,3,54,05,00
11:01:22.538 CAN::Logger:318454,1,401,0,0,8,3D,9C,00,00,44,00,00,00
11:01:22.542 CAN::Logger:318464,1,201,0,0,5,00,00,00,00,60
11:01:22.547 CAN::Logger:318474,1,203,0,0,8,00,00,00,00,00,00,00,00
11:01:22.552 CAN::Logger:318474,1,400,0,0,8,01,00,0C,00,00,00,00,00
11:01:22.556 CAN::Logger:318484,0,300,0,0,8,03,5A,00,5A,32,00,32,76
11:01:22.560 CAN::Logger:318494,0,301,0,0,3,F5,06,00
11:01:22.566 CAN::Logger:318494,0,311,0,0,8,04,00,00,00,4B,00,00,00
11:01:22.570 CAN::Logger:318494,1,206,0,0,8,00,00,00,00,00,00,00,00
11:01:22.576 CAN::Logger:318534,0,300,0,0,8,03,5A,00,5A,32,00,32,77
11:01:22.579 CAN::Logger:318544,0,301,0,0,3,B8,07,00
11:01:22.584 CAN::Logger:318554,1,401,0,0,8,3D,9C,00,00,EE,00,00,00
11:01:22.586 CAN::Logger:318564,0,450,0,0,2,4A,00
11:01:22.592 CAN::Logger:318564,1,201,0,0,5,00,00,00,00,60
11:01:22.596 CAN::Logger:318574,1,203,0,0,8,00,00,00,00,00,00,00,00
11:01:22.601 CAN::Logger:318574,1,400,0,0,8,01,00,0C,00,00,00,00,00
11:01:22.606 CAN::Logger:318584,0,300,0,0,8,03,5A,00,5A,32,00,32,B8
11:01:22.609 CAN::Logger:318594,0,301,0,0,3,80,08,00
11:01:22.614 CAN::Logger:318594,1,206,0,0,8,00,00,00,00,00,00,00,00
11:01:22.619 CAN::Logger:318634,0,300,0,0,8,03,5A,00,5A,32,00,32,B9
11:01:22.622 CAN::Logger:318644,0,301,0,0,3,88,09,00
11:01:22.628 CAN::Logger:318654,1,401,0,0,8,3D,9C,00,00,EE,00,00,00
11:01:22.631 CAN::Logger:318664,1,201,0,0,5,00,00,00,00,60
11:01:23.123 CAN::Logger:318674,1,203,0,0,8,00,00,00,00,00,00,00,00
11:01:23.124 CAN::Logger:318674,1,400,0,0,8,01,00,0C,00,00,00,00,00
11:01:23.126 CAN::Logger:318684,0,300,0,0,8,03,5A,00,5A,32,00,32,BA
11:01:23.130 CAN::Logger:318694,0,301,0,0,3,C6,0A,00
11:01:23.133 CAN::Logger:318694,0,404,0,0,2,4A,00
11:01:23.138 CAN::Logger:318694,1,405,0,0,8,4A,00,00,00,06,00,00,00
11:01:23.143 CAN::Logger:318694,1,206,0,0,8,00,00,00,00,00,00,00,00
11:01:23.146 CAN::Logger:318714,0,404,0,0,2,02,30
11:01:23.151 CAN::Logger:318714,1,405,0,0,7,02,48,00,00,00,00,00
11:01:23.155 CAN::Logger:318734,1,402,0,0,8,4E,00,00,00,F8,AB,07,00
11:01:23.160 CAN::Logger:318734,0,300,0,0,8,03,5A,00,5A,32,00,32,BB
11:01:23.164 CAN::Logger:318744,0,301,0,0,3,43,0B,00
11:01:23.167 CAN::Logger:318744,0,404,0,0,2,44,00
11:01:23.171 CAN::Logger:318744,1,405,0,0,6,44,00,00,00,50,46
11:01:23.177 CAN::Logger:318754,1,401,0,0,8,3D,9C,00,00,EE,00,00,00
11:01:23.180 CAN::Logger:318764,1,201,0,0,5,00,00,00,00,60
11:01:23.186 CAN::Logger:318774,1,203,0,0,8,00,00,00,00,00,00,00,00
11:01:23.191 CAN::Logger:318774,1,400,0,0,8,01,00,0C,00,00,00,00,00
11:01:23.195 CAN::Logger:318794,0,300,0,0,8,03,5A,00,5A,32,00,32,FC
11:01:23.199 CAN::Logger:318794,0,301,0,0,3,B5,0C,00
11:01:23.203 CAN::Logger:318794,1,206,0,0,8,00,00,00,00,00,00,00,00
11:01:23.208 CAN::Logger:318814,0,404,0,0,2,01,00
11:01:23.212 CAN::Logger:318814,1,405,0,0,8,01,00,00,00,00,04,06,04
11:01:23.217 CAN::Logger:318834,0,300,0,0,8,03,5A,00,5A,32,00,32,FD
11:01:23.221 CAN::Logger:318844,0,301,0,0,3,4E,0D,00
11:01:23.224 CAN::Logger:318844,0,404,0,0,2,A3,01
11:01:23.227 CAN::Logger:318844,1,405,0,0,5,A3,01,00,00,06
11:01:23.232 CAN::Logger:318854,1,401,0,0,8,3D,9C,00,00,4C,00,00,00
11:01:23.237 CAN::Logger:318864,1,201,0,0,5,00,00,00,00,60
11:01:23.240 CAN::Logger:318874,0,404,0,0,2,20,00
11:01:23.245 CAN::Logger:318874,1,405,0,0,8,20,00,00,00,32,33,36,47
11:01:23.250 CAN::Logger:318874,1,203,0,0,8,00,00,00,00,00,00,00,00
11:01:23.255 CAN::Logger:318874,1,400,0,0,8,01,00,0C,00,00,00,00,00
11:01:23.259 CAN::Logger:318884,0,300,0,0,8,03,5A,00,5A,32,00,32,FE
11:01:23.263 CAN::Logger:318894,0,301,0,0,3,1D,0E,00
11:01:23.268 CAN::Logger:318894,1,206,0,0,8,00,00,00,00,00,00,00,00
11:01:23.271 CAN::Logger:318904,0,404,0,0,2,21,00
11:01:23.276 CAN::Logger:318904,1,405,0,0,8,21,00,00,00,35,4C,41,31
11:01:23.279 CAN::Logger:318934,0,404,0,0,2,22,00
11:01:23.285 CAN::Logger:318934,1,405,0,0,8,22,00,00,00,30,30,34,52
11:01:23.289 CAN::Logger:318934,0,300,0,0,8,03,5A,00,5A,32,00,32,FF
11:01:23.292 CAN::Logger:318944,0,301,0,0,3,E8,0F,00
11:01:23.297 CAN::Logger:318954,1,401,0,0,8,3D,9C,00,00,4C,00,00,00
11:01:23.301 CAN::Logger:318964,1,201,0,0,5,00,00,00,00,60
11:01:23.304 CAN::Logger:318964,0,404,0,0,2,23,00
11:01:23.309 CAN::Logger:318964,1,405,0,0,8,23,00,00,00,4D,30,30,30
11:01:23.315 CAN::Logger:318974,1,203,0,0,8,00,00,00,00,00,00,00,00
11:01:23.320 CAN::Logger:318974,1,400,0,0,8,01,00,0C,00,00,00,00,00
11:01:23.325 CAN::Logger:318994,0,300,0,0,8,03,5A,00,5A,32,00,32,30
11:01:23.328 CAN::Logger:318994,0,301,0,0,3,E2,00,00
11:01:23.332 CAN::Logger:318994,1,206,0,0,8,00,00,00,00,00,00,00,00
11:01:23.336 CAN::Logger:319004,0,404,0,0,2,24,00
11:01:23.340 CAN::Logger:319004,1,405,0,0,8,24,00,00,00,30,30,30,30
11:01:23.346 CAN::Logger:319044,0,300,0,0,8,03,5A,00,5A,32,00,32,31
11:01:23.349 CAN::Logger:319044,0,301,0,0,3,B3,01,00
11:01:23.355 CAN::Logger:319054,1,401,0,0,8,3D,9C,00,00,46,00,00,00
11:01:23.357 CAN::Logger:319064,0,404,0,0,2,25,00
11:01:23.362 CAN::Logger:319064,1,405,0,0,8,25,00,00,00,30,30,30,30
11:01:23.367 CAN::Logger:319064,1,201,0,0,5,00,00,00,00,60
11:01:23.371 CAN::Logger:319074,1,203,0,0,8,00,00,00,00,00,00,00,00
11:01:23.377 CAN::Logger:319074,1,400,0,0,8,01,00,0C,00,00,00,00,00
11:01:23.381 CAN::Logger:319094,0,300,0,0,8,03,5A,00,5A,32,00,32,32
11:01:23.384 CAN::Logger:319094,0,301,0,0,3,6B,02,00
11:01:23.388 CAN::Logger:319094,0,404,0,0,2,26,00
11:01:23.393 CAN::Logger:319094,1,405,0,0,8,26,00,00,00,30,30,30,30
11:01:23.397 CAN::Logger:319094,1,206,0,0,8,00,00,00,00,00,00,00,00
11:01:23.400 CAN::Logger:319124,0,404,0,0,2,27,00
11:01:23.406 CAN::Logger:319124,1,405,0,0,6,27,00,00,00,30,30
11:01:23.411 CAN::Logger:319144,0,300,0,0,8,03,5A,00,5A,32,00,32,33
11:01:23.414 CAN::Logger:319144,0,301,0,0,3,96,03,00
11:01:23.417 CAN::Logger:319154,0,404,0,0,2,4C,00
11:01:23.422 CAN::Logger:319154,1,401,0,0,8,3D,9C,00,00,46,00,00,00
11:01:23.426 CAN::Logger:319164,1,405,0,0,8,4C,00,00,00,01,24,00,00
11:01:23.430 CAN::Logger:319164,1,201,0,0,5,00,00,00,00,60
11:01:23.435 CAN::Logger:319174,1,203,0,0,8,00,00,00,00,00,00,00,00
11:01:23.441 CAN::Logger:319174,1,400,0,0,8,01,00,0C,00,00,00,00,00
11:01:23.444 CAN::Logger:319184,0,404,0,0,2,46,00
11:01:23.448 CAN::Logger:319184,1,405,0,0,5,46,00,00,00,00
11:01:23.452 CAN::Logger:319194,0,300,0,0,8,03,5A,00,5A,32,00,32,74
11:01:23.456 CAN::Logger:319194,0,301,0,0,3,03,04,00
11:01:23.461 CAN::Logger:319194,1,206,0,0,8,00,00,00,00,00,00,00,00
11:01:23.465 CAN::Logger:319214,0,404,0,0,2,4D,00
11:01:23.470 CAN::Logger:319214,1,405,0,0,8,4D,00,00,00,00,00,00,00
11:01:23.475 CAN::Logger:319234,1,403,0,0,8,64,00,00,00,40,E3,09,00
11:01:23.479 CAN::Logger:319244,0,300,0,0,8,03,5A,00,5A,32,00,32,75
11:01:23.482 CAN::Logger:319244,0,301,0,0,3,54,05,00
11:01:23.486 CAN::Logger:319244,0,404,0,0,2,50,00
11:01:23.490 CAN::Logger:319244,1,405,0,0,8,50,00,00,00,EC,00,EF,00
11:01:23.496 CAN::Logger:319254,1,401,0,0,8,3D,9C,00,00,46,00,00,00
11:01:23.499 CAN::Logger:319264,1,201,0,0,5,00,00,00,00,60
11:01:23.505 CAN::Logger:319274,1,203,0,0,8,00,00,00,00,00,00,00,00
11:01:23.507 CAN::Logger:319274,0,404,0,0,2,02,00
11:01:23.512 CAN::Logger:319274,1,400,0,0,8,01,00,0C,00,00,00,00,00
11:01:23.517 CAN::Logger:319284,1,405,0,0,8,02,00,00,00,53,49,43,54
11:01:23.522 CAN::Logger:319284,1,204,0,0,8,00,00,00,00,00,00,00,00
11:01:23.527 CAN::Logger:319294,0,300,0,0,8,03,5A,00,5A,32,00,32,76
11:01:23.531 CAN::Logger:319294,0,301,0,0,3,F5,06,00
11:01:23.535 CAN::Logger:319294,1,206,0,0,8,00,00,00,00,00,00,00,00
11:01:23.541 CAN::Logger:319304,1,202,0,0,8,E2,1A,00,00,33,99,05,00
11:01:23.544 CAN::Logger:319314,0,404,0,0,2,0A,00
11:01:23.548 CAN::Logger:319314,1,405,0,0,8,0A,00,00,00,30,3A,00,00
11:01:23.554 CAN::Logger:319344,0,300,0,0,8,03,5A,00,5A,32,00,32,77
11:01:23.558 CAN::Logger:319344,0,301,0,0,3,B8,07,00
11:01:23.560 CAN::Logger:319344,0,404,0,0,2,04,00
11:01:23.564 CAN::Logger:319344,1,405,0,0,7,04,0,00,00,16,09,02
11:01:23.570 CAN::Logger:319354,1,401,0,0,8,3D,9C,00,00,46,00,00,00
11:01:23.574 CAN::Logger:319364,1,201,0,0,5,00,00,00,00,60
11:01:23.578 CAN::Logger:319374,0,404,0,0,2,B0,01
11:01:23.581 CAN::Logger:319374,1,405,0,0,6,B0,01,00,00,00,00
11:01:23.586 CAN::Logger:319374,1,203,0,0,8,00,00,00,00,00,00,00,00
11:01:23.591 CAN::Logger:319374,1,400,0,0,8,01,00,0C,00,00,00,00,00
11:01:24.083 CAN::Logger:319394,0,300,0,0,8,03,5A,00,5A,32,00,32,B8
11:01:24.084 CAN::Logger:319394,0,301,0,0,3,80,08,00
11:01:24.085 CAN::Logger:319394,1,206,0,0,8,00,00,00,00,00,00,00,00
11:01:24.088 CAN::Logger:319404,0,404,0,0,2,B1,01
11:01:24.092 CAN::Logger:319404,1,405,0,0,6,B1,01,00,00,00,00
11:01:24.097 CAN::Logger:319444,0,300,0,0,8,03,5A,00,5A,32,00,32,B9
11:01:24.101 CAN::Logger:319444,0,301,0,0,3,88,09,00
11:01:24.106 CAN::Logger:319464,1,401,0,0,8,3D,9C,00,00,46,00,00,00
11:01:24.110 CAN::Logger:319464,1,201,0,0,5,00,00,00,00,60
11:01:24.115 CAN::Logger:319474,1,203,0,0,8,00,00,00,00,00,00,00,00
11:01:24.120 CAN::Logger:319484,1,400,0,0,8,01,00,0C,00,00,00,00,00
11:01:24.124 CAN::Logger:319494,0,300,0,0,8,03,5A,00,5A,32,00,32,BA
11:01:24.124 CAN::Logger:319494,0,301,0,0,3,C6,0A,00
11:01:24.133 CAN::Logger:319494,1,206,0,0,8,00,00,00,00,00,00,00,00
11:01:24.138 CAN::Logger:319544,0,300,0,0,8,03,5A,00,5A,32,00,32,BB
11:01:24.141 CAN::Logger:319544,0,301,0,0,3,43,0B,00
11:01:24.147 CAN::Logger:319564,1,401,0,0,8,3D,9C,00,00,46,00,00,00
11:01:24.151 CAN::Logger:319564,1,201,0,0,5,00,00,00,00,60
11:01:24.155 CAN::Logger:319574,1,203,0,0,8,00,00,00,00,00,00,00,00
11:01:24.160 CAN::Logger:319584,1,400,0,0,8,01,00,0C,00,00,00,00,00
11:01:24.166 CAN::Logger:319594,0,300,0,0,8,03,5A,00,5A,32,00,32,FC
11:01:24.168 CAN::Logger:319594,0,301,0,0,3,B5,0C,00
11:01:24.174 CAN::Logger:319594,1,206,0,0,8,00,00,00,00,00,00,00,00
11:01:24.178 CAN::Logger:319644,0,300,0,0,8,03,5A,00,5A,32,00,32,FD
11:01:24.182 CAN::Logger:319644,0,301,0,0,3,4E,0D,00
11:01:24.186 CAN::Logger:319664,1,401,0,0,8,3D,9C,00,00,46,00,00,00
11:01:24.191 CAN::Logger:319664,1,201,0,0,5,00,00,00,00,60
11:01:24.195 CAN::Logger:319674,1,203,0,0,8,00,00,00,00,00,00,00,00
11:01:24.200 CAN::Logger:319684,1,400,0,0,8,01,00,0C,00,00,00,00,00
11:01:24.205 CAN::Logger:319694,0,300,0,0,8,03,5A,00,5A,32,00,32,FE
11:01:24.209 CAN::Logger:319694,0,301,0,0,3,1D,0E,00
11:01:24.213 CAN::Logger:319694,1,206,0,0,8,00,00,00,00,00,00,00,00
11:01:24.218 CAN::Logger:319724,0,100,0,0,8,03,22,02,03,00,00,00,00
11:01:24.224 CAN::Logger:319734,1,101,0,0,8,10,17,62,02,03,33,36,32
11:01:24.227 CAN::Logger:319734,0,100,0,0,3,30,00,00
11:01:24.232 CAN::Logger:319734,1,101,0,0,8,21,39,38,31,30,30,32,37
11:01:24.236 CAN::Logger:319734,1,101,0,0,8,22,30,39,32,32,30,37,37
11:01:24.241 CAN::Logger:319744,1,402,0,0,8,4E,00,00,00,F8,AB,07,00
11:01:24.246 CAN::Logger:319744,0,300,0,0,8,03,5A,00,5A,32,00,32,FF
11:01:24.251 CAN::Logger:319744,0,301,0,0,3,E8,0F,00
11:01:24.255 CAN::Logger:319744,1,101,0,0,8,23,38,33,36,BC,92,00,00
11:01:24.260 CAN::Logger:319744,0,100,0,0,8,03,22,02,02,00,00,00,00
11:01:24.264 CAN::Logger:319744,1,101,0,0,8,10,1B,62,02,02,45,30,31
11:01:24.269 CAN::Logger:319744,0,100,0,0,3,30,00,00
11:01:24.274 CAN::Logger:319754,1,101,0,0,8,21,36,38,30,2D,32,30,30
11:01:24.278 CAN::Logger:319754,1,101,0,0,8,22,32,32,30,39,33,30,2D
11:01:24.283 CAN::Logger:319754,1,101,0,0,8,23,33,2D,30,30,34,32,00
11:01:24.288 CAN::Logger:319764,0,100,0,0,8,03,22,02,04,00,00,00,00
11:01:24.293 CAN::Logger:319764,1,401,0,0,8,3D,9C,00,00,46,00,00,00
11:01:24.298 CAN::Logger:319764,1,101,0,0,8,10,17,62,02,04,57,53,42
11:01:24.301 CAN::Logger:319764,1,201,0,0,5,00,00,00,00,60
11:01:24.305 CAN::Logger:319764,0,100,0,0,3,30,00,00
11:01:24.310 CAN::Logger:319764,1,101,0,0,8,21,43,30,30,31,31,33,30
11:01:24.315 CAN::Logger:319774,1,101,0,0,8,22,35,31,32,54,00,00,00
11:01:24.320 CAN::Logger:319774,1,101,0,0,8,23,00,00,00,BC,92,00,00
11:01:24.324 CAN::Logger:319774,1,203,0,0,8,00,00,00,00,00,00,00,00
11:01:24.330 CAN::Logger:319774,0,100,0,0,8,03,22,02,07,00,00,00,00
11:01:24.334 CAN::Logger:319774,1,101,0,0,8,05,62,02,07,78,1E,E0,AA
11:01:24.339 CAN::Logger:319784,1,400,0,0,8,01,00,0C,00,00,00,00,00
11:01:24.344 CAN::Logger:319784,0,100,0,0,8,03,22,02,06,00,00,00,00
11:01:24.349 CAN::Logger:319784,1,101,0,0,8,05,62,02,06,70,08,E0,AA
11:01:24.353 CAN::Logger:319784,0,100,0,0,8,03,22,02,0D,00,00,00,00
11:01:24.358 CAN::Logger:319794,1,101,0,0,8,04,62,02,0D,00,9F,E0,AA
11:01:24.363 CAN::Logger:319794,0,300,0,0,8,03,5A,00,5A,32,00,32,30
11:01:24.367 CAN::Logger:319794,0,301,0,0,3,E2,00,00
11:01:24.371 CAN::Logger:319794,0,100,0,0,8,03,22,02,13,00,00,00,00
11:01:24.376 CAN::Logger:319794,1,101,0,0,8,07,62,02,13,13,01,2D,00
11:01:24.382 CAN::Logger:319794,0,100,0,0,8,03,22,02,00,00,00,00,00
11:01:24.387 CAN::Logger:319794,1,101,0,0,8,05,62,02,00,02,05,E0,AA
11:01:24.391 CAN::Logger:319794,1,206,0,0,8,00,00,00,00,00,00,00,00
11:01:24.397 CAN::Logger:319804,0,100,0,0,8,03,22,02,0B,00,00,00,00
11:01:24.401 CAN::Logger:319804,1,101,0,0,8,05,62,02,0B,00,1C,65,06
11:01:24.405 CAN::Logger:319804,0,100,0,0,8,03,22,02,17,00,00,00,00
11:01:24.411 CAN::Logger:319804,1,101,0,0,8,07,62,02,17,05,00,30,00
11:01:24.414 CAN::Logger:319814,0,404,0,0,2,4A,00
11:01:24.418 CAN::Logger:319814,1,405,0,0,8,4A,00,00,00,06,00,00,00
11:01:24.423 CAN::Logger:319844,0,300,0,0,8,03,5A,00,5A,32,00,32,31
11:01:24.428 CAN::Logger:319844,0,301,0,0,3,B3,01,00
11:01:24.431 CAN::Logger:319844,0,404,0,0,2,02,30
11:01:24.435 CAN::Logger:319844,1,405,0,0,7,02,48,00,00,00,00,00
11:01:24.441 CAN::Logger:319864,1,401,0,0,8,3D,9C,00,00,46,00,00,00
11:01:24.444 CAN::Logger:319864,1,201,0,0,5,00,00,00,00,60
11:01:24.448 CAN::Logger:319874,0,404,0,0,2,44,00
11:01:24.451 CAN::Logger:319874,1,405,0,0,6,44,00,00,00,50,46
11:01:24.456 CAN::Logger:319874,1,203,0,0,8,00,00,00,00,00,00,00,00
11:01:24.462 CAN::Logger:319884,1,400,0,0,8,01,00,0C,00,00,00,00,00
11:01:24.467 CAN::Logger:319894,0,300,0,0,8,03,5A,00,5A,32,00,32,32
11:01:24.470 CAN::Logger:319894,0,301,0,0,3,6B,02,00
11:01:24.474 CAN::Logger:319894,1,206,0,0,8,00,00,00,00,00,00,00,00
11:01:24.479 CAN::Logger:319904,0,404,0,0,2,01,00
11:01:24.483 CAN::Logger:319904,1,405,0,0,8,01,00,00,00,00,04,06,04
11:01:24.486 CAN::Logger:319944,0,404,0,0,2,A3,01
11:01:24.491 CAN::Logger:319944,1,405,0,0,5,A3,01,00,00,06
11:01:24.495 CAN::Logger:319944,0,300,0,0,8,03,5A,00,5A,32,00,32,33
11:01:24.498 CAN::Logger:319944,0,301,0,0,3,96,03,00
11:01:24.503 CAN::Logger:319964,1,401,0,0,8,40,9C,00,00,46,00,00,00
11:01:24.507 CAN::Logger:319964,1,201,0,0,5,00,00,00,00,60
11:01:24.510 CAN::Logger:319964,0,404,0,0,2,20,00
11:01:24.516 CAN::Logger:319964,1,405,0,0,8,20,00,00,00,32,33,36,47
11:01:24.521 CAN::Logger:319974,1,203,0,0,8,00,00,00,00,00,00,00,00
11:01:24.525 CAN::Logger:319984,1,400,0,0,8,01,00,0C,00,00,00,00,00
11:01:24.530 CAN::Logger:319994,0,300,0,0,8,03,5A,00,5A,32,00,32,74
11:01:24.534 CAN::Logger:319994,0,301,0,0,3,03,04,00
11:01:24.537 CAN::Logger:319994,0,404,0,0,2,21,00
11:01:24.542 CAN::Logger:319994,1,405,0,0,8,21,00,00,00,35,4C,41,31
11:01:24.547 CAN::Logger:319994,1,206,0,0,8,00,00,00,00,00,00,00,00
11:01:24.552 CAN::Logger:320044,0,300,0,0,8,03,5A,00,5A,32,00,32,75
11:01:24.555 CAN::Logger:320044,0,301,0,0,3,54,05,00
11:01:24.558 CAN::Logger:320064,0,404,0,0,2,22,00
11:01:24.564 CAN::Logger:320064,1,405,0,0,8,22,00,00,00,30,30,34,52
11:01:24.568 CAN::Logger:320064,1,401,0,0,8,40,9C,00,00,46,00,00,00
11:01:24.572 CAN::Logger:320064,1,201,0,0,5,00,00,00,00,60
11:01:24.578 CAN::Logger:320074,1,203,0,0,8,00,00,00,00,00,00,00,00
11:01:24.583 CAN::Logger:320084,1,400,0,0,8,01,00,0C,00,00,00,00,00
11:01:24.587 CAN::Logger:320094,0,300,0,0,8,03,5A,00,5A,32,00,32,76
11:01:24.591 CAN::Logger:320094,0,301,0,0,3,F5,06,00
11:01:24.593 CAN::Logger:320094,0,404,0,0,2,23,00
11:01:24.599 CAN::Logger:320094,1,405,0,0,8,23,00,00,00,4D,30,30,30
11:01:24.603 CAN::Logger:320104,1,206,0,0,8,00,00,00,00,00,00,00,00
11:01:24.607 CAN::Logger:320124,0,404,0,0,2,24,00
11:01:24.612 CAN::Logger:320124,1,405,0,0,8,24,00,00,00,30,30,30,30
11:01:24.616 CAN::Logger:320144,0,300,0,0,8,03,5A,00,5A,32,00,32,77
11:01:24.621 CAN::Logger:320144,0,301,0,0,3,B8,07,00
11:01:24.623 CAN::Logger:320154,0,404,0,0,2,25,00
11:01:24.628 CAN::Logger:320154,1,405,0,0,8,25,00,00,00,30,30,30,30
11:01:24.634 CAN::Logger:320164,1,401,0,0,8,40,9C,00,00,46,00,00,00
11:01:24.637 CAN::Logger:320164,1,201,0,0,5,00,00,00,00,60
11:01:24.643 CAN::Logger:320174,1,203,0,0,8,00,00,00,00,00,00,00,00
11:01:24.648 CAN::Logger:320184,1,400,0,0,8,01,00,0C,00,00,00,00,00
11:01:24.651 CAN::Logger:320184,0,404,0,0,2,26,00
11:01:24.656 CAN::Logger:320184,1,405,0,0,8,26,00,00,00,30,30,30,30
11:01:24.660 CAN::Logger:320194,0,300,0,0,8,03,5A,00,5A,32,00,32,B8
11:01:24.663 CAN::Logger:320194,0,301,0,0,3,80,08,00
11:01:24.668 CAN::Logger:320204,1,206,0,0,8,00,00,00,00,00,00,00,00
11:01:24.671 CAN::Logger:320214,0,404,0,0,2,27,00
11:01:24.677 CAN::Logger:320214,1,405,0,0,6,27,00,00,00,30,30
11:01:24.682 CAN::Logger:320244,0,300,0,0,8,03,5A,00,5A,32,00,32,B9
11:01:24.684 CAN::Logger:320244,0,301,0,0,3,88,09,00
11:01:24.690 CAN::Logger:320244,1,403,0,0,8,64,00,00,00,40,E3,09,00
11:01:24.692 CAN::Logger:320254,0,404,0,0,2,4C,00
11:01:24.697 CAN::Logger:320254,1,405,0,0,8,4C,00,00,00,01,24,00,00
11:01:24.702 CAN::Logger:320264,1,401,0,0,8,40,9C,00,00,46,00,00,00
11:01:24.706 CAN::Logger:320264,1,201,0,0,5,00,00,00,00,60
11:01:24.712 CAN::Logger:320274,1,203,0,0,8,00,00,00,00,00,00,00,00
11:01:24.715 CAN::Logger:320274,0,404,0,0,2,46,00
11:01:24.719 CAN::Logger:320274,1,405,0,0,5,46,00,00,00,00
11:01:24.724 CAN::Logger:320284,1,400,0,0,8,01,00,0C,00,00,00,00,00
11:01:24.728 CAN::Logger:320284,1,204,0,0,8,00,00,00,00,00,00,00,00
11:01:24.733 CAN::Logger:320294,0,300,0,0,8,03,5A,00,5A,32,00,32,BA
11:01:24.736 CAN::Logger:320294,0,301,0,0,3,C6,0A,00
11:01:24.741 CAN::Logger:320304,1,206,0,0,8,00,00,00,00,00,00,00,00
11:01:24.747 CAN::Logger:320304,1,202,0,0,8,E2,1B,00,00,33,99,05,00
11:01:24.749 CAN::Logger:320314,0,404,0,0,2,4D,00
11:01:24.754 CAN::Logger:320314,1,405,0,0,8,4D,00,00,00,00,00,00,00
11:01:25.253 CAN::Logger:320344,0,300,0,0,8,03,5A,00,5A,32,00,32,BB
11:01:25.254 CAN::Logger:320344,0,301,0,0,3,43,0B,00
11:01:25.255 CAN::Logger:320344,0,404,0,0,2,50,00
11:01:25.259 CAN::Logger:320344,1,405,0,0,8,50,00,00,00,EC,00,EF,00
11:01:25.263 CAN::Logger:320364,1,401,0,0,8,40,9C,00,00,46,00,00,00
11:01:25.267 CAN::Logger:320364,1,201,0,0,5,00,00,00,00,60
11:01:25.271 CAN::Logger:320374,0,404,0,0,2,02,00
11:01:25.276 CAN::Logger:320374,1,405,0,0,8,02,00,00,00,53,49,43,54
11:01:25.280 CAN::Logger:320374,1,203,0,0,8,00,00,00,00,00,00,00,00
11:01:25.285 CAN::Logger:320384,1,400,0,0,8,01,00,0C,00,00,00,00,00
11:01:25.290 CAN::Logger:320394,0,300,0,0,8,03,5A,00,5A,32,00,32,FC
11:01:25.294 CAN::Logger:320394,0,301,0,0,3,B5,0C,00
11:01:25.298 CAN::Logger:320404,1,206,0,0,8,00,00,00,00,00,00,00,00
11:01:25.301 CAN::Logger:320404,0,404,0,0,2,0A,00
11:01:25.307 CAN::Logger:320404,1,405,0,0,8,0A,00,00,00,30,3A,00,00
11:01:25.309 CAN::Logger:320434,0,404,0,0,2,04,00
11:01:25.314 CAN::Logger:320434,1,405,0,0,7,04,0,00,00,16,09,02
11:01:25.320 CAN::Logger:320444,0,300,0,0,8,03,5A,00,5A,32,00,32,FD
11:01:25.322 CAN::Logger:320444,0,301,0,0,3,4E,0D,00
11:01:25.327 CAN::Logger:320464,1,401,0,0,8,40,9C,00,00,46,00,00,00
11:01:25.332 CAN::Logger:320464,1,201,0,0,5,00,00,00,00,60
11:01:25.335 CAN::Logger:320464,0,404,0,0,2,B0,01
11:01:25.339 CAN::Logger:320464,1,405,0,0,6,B0,01,00,00,00,00
11:01:25.344 CAN::Logger:320474,1,203,0,0,8,00,00,00,00,00,00,00,00
11:01:25.349 CAN::Logger:320484,1,400,0,0,8,01,00,0C,00,00,00,00,00
11:01:25.354 CAN::Logger:320494,0,300,0,0,8,03,5A,00,5A,32,00,32,FE
11:01:25.357 CAN::Logger:320494,0,301,0,0,3,1D,0E,00
11:01:25.360 CAN::Logger:320494,0,404,0,0,2,B1,01
11:01:25.366 CAN::Logger:320494,1,405,0,0,6,B1,01,00,00,00,00
11:01:25.370 CAN::Logger:320504,1,206,0,0,8,00,00,00,00,00,00,00,00
11:01:25.375 CAN::Logger:320544,0,300,0,0,8,03,5A,00,5A,32,00,32,FF
11:01:25.379 CAN::Logger:320544,0,301,0,0,3,E8,0F,00
11:01:25.383 CAN::Logger:320564,1,401,0,0,8,40,9C,00,00,46,00,00,00
11:01:25.387 CAN::Logger:320564,1,201,0,0,5,00,00,00,00,60
11:01:25.392 CAN::Logger:320574,1,203,0,0,8,00,00,00,00,00,00,00,00
11:01:25.397 CAN::Logger:320584,1,400,0,0,8,01,00,0C,00,00,00,00,00
11:01:25.402 CAN::Logger:320594,0,300,0,0,8,03,5A,00,5A,32,00,32,30
11:01:25.405 CAN::Logger:320594,0,301,0,0,3,E2,00,00
11:01:25.410 CAN::Logger:320604,1,206,0,0,8,00,00,00,00,00,00,00,00
11:01:25.415 CAN::Logger:320644,0,300,0,0,8,03,5A,00,5A,32,00,32,31
11:01:25.418 CAN::Logger:320644,0,301,0,0,3,B3,01,00
11:01:25.423 CAN::Logger:320664,1,401,0,0,8,40,9C,00,00,46,00,00,00
11:01:25.427 CAN::Logger:320664,1,201,0,0,5,00,00,00,00,60
11:01:25.432 CAN::Logger:320674,1,203,0,0,8,00,00,00,00,00,00,00,00
11:01:25.437 CAN::Logger:320684,1,400,0,0,8,01,00,0C,00,00,00,00,00
11:01:25.442 CAN::Logger:320694,0,300,0,0,8,03,5A,00,5A,32,00,32,32
11:01:25.445 CAN::Logger:320694,0,301,0,0,3,6B,02,00
11:01:25.451 CAN::Logger:320704,1,206,0,0,8,00,00,00,00,00,00,00,00
11:01:25.455 CAN::Logger:320744,0,300,0,0,8,03,5A,00,5A,32,00,32,33
11:01:25.460 CAN::Logger:320744,0,301,0,0,3,96,03,00
11:01:25.465 CAN::Logger:320744,1,402,0,0,8,4E,00,00,00,F8,AB,07,00
11:01:25.469 CAN::Logger:320764,1,401,0,0,8,40,9C,00,00,46,00,00,00
11:01:25.474 CAN::Logger:320764,1,201,0,0,5,00,00,00,00,60
11:01:25.478 CAN::Logger:320774,1,203,0,0,8,00,00,00,00,00,00,00,00
11:01:25.483 CAN::Logger:320784,1,400,0,0,8,01,00,0C,00,00,00,00,00
11:01:25.487 CAN::Logger:320794,0,300,0,0,8,03,5A,00,5A,32,00,32,74
11:01:25.492 CAN::Logger:320794,0,301,0,0,3,03,04,00
11:01:25.496 CAN::Logger:320804,1,206,0,0,8,00,00,00,00,00,00,00,00
11:01:25.500 CAN::Logger:320844,0,300,0,0,8,03,5A,00,5A,32,00,32,75
11:01:25.505 CAN::Logger:320844,0,301,0,0,3,54,05,00
11:01:25.510 CAN::Logger:320864,1,401,0,0,8,40,9C,00,00,46,00,00,00
11:01:25.514 CAN::Logger:320864,1,201,0,0,5,00,00,00,00,60
11:01:25.519 CAN::Logger:320874,1,203,0,0,8,00,00,00,00,00,00,00,00
11:01:25.524 CAN::Logger:320884,1,400,0,0,8,01,00,0C,00,00,00,00,00
11:01:25.529 CAN::Logger:320894,0,300,0,0,8,03,5A,00,5A,32,00,32,76
11:01:25.531 CAN::Logger:320894,0,301,0,0,3,F5,06,00
11:01:25.537 CAN::Logger:320904,1,206,0,0,8,00,00,00,00,00,00,00,00
11:01:25.541 CAN::Logger:320944,0,300,0,0,8,03,5A,00,5A,32,00,32,77
11:01:25.545 CAN::Logger:320944,0,301,0,0,3,B8,07,00
11:01:25.550 CAN::Logger:320964,1,401,0,0,8,3D,9C,00,00,46,00,00,00
11:01:25.553 CAN::Logger:320964,1,201,0,0,5,00,00,00,00,60
11:01:25.558 CAN::Logger:320974,1,203,0,0,8,00,00,00,00,00,00,00,00
11:01:25.563 CAN::Logger:320984,1,400,0,0,8,01,00,0C,00,00,00,00,00
11:01:25.568 CAN::Logger:320994,0,300,0,0,8,03,5A,00,5A,32,00,32,B8
11:01:25.572 CAN::Logger:320994,0,301,0,0,3,80,08,00
11:01:25.577 CAN::Logger:321004,1,206,0,0,8,00,00,00,00,00,00,00,00
11:01:25.581 CAN::Logger:321044,0,300,0,0,8,03,5A,00,5A,32,00,32,B9
11:01:25.586 CAN::Logger:321044,0,301,0,0,3,88,09,00
11:01:25.590 CAN::Logger:321064,1,401,0,0,8,3D,9C,00,00,45,00,00,00
11:01:25.595 CAN::Logger:321064,1,201,0,0,5,00,00,00,00,60
11:01:25.599 CAN::Logger:321074,1,203,0,0,8,00,00,00,00,00,00,00,00
11:01:25.604 CAN::Logger:321084,1,400,0,0,8,01,00,0C,00,00,00,00,00
11:01:25.608 CAN::Logger:321094,0,300,0,0,8,03,5A,00,5A,32,00,32,BA
11:01:25.612 CAN::Logger:321094,0,301,0,0,3,C6,0A,00
11:01:25.618 CAN::Logger:321104,1,206,0,0,8,00,00,00,00,00,00,00,00
11:01:25.622 CAN::Logger:321144,0,300,0,0,8,03,5A,00,5A,32,00,32,BB
11:01:25.625 CAN::Logger:321144,0,301,0,0,3,43,0B,00
11:01:25.631 CAN::Logger:321164,1,401,0,0,8,3D,9C,00,00,45,00,00,00
11:01:25.634 CAN::Logger:321164,1,201,0,0,5,00,00,00,00,60
11:01:25.639 CAN::Logger:321174,1,203,0,0,8,00,00,00,00,00,00,00,00
11:01:25.644 CAN::Logger:321184,1,400,0,0,8,01,00,0C,00,00,00,00,00
11:01:25.650 CAN::Logger:321194,0,300,0,0,8,03,5A,00,5A,32,00,32,FC
11:01:25.653 CAN::Logger:321194,0,301,0,0,3,B5,0C,00
11:01:25.658 CAN::Logger:321204,1,206,0,0,8,00,00,00,00,00,00,00,00
11:01:25.663 CAN::Logger:321244,0,300,0,0,8,03,5A,00,5A,32,00,32,FD
11:01:25.666 CAN::Logger:321244,0,301,0,0,3,4E,0D,00
11:01:25.671 CAN::Logger:321244,1,403,0,0,8,64,00,00,00,40,E3,09,00
11:01:25.676 CAN::Logger:321264,1,401,0,0,8,40,9C,00,00,45,00,00,00
11:01:25.679 CAN::Logger:321264,1,201,0,0,5,00,00,00,00,60
11:01:25.685 CAN::Logger:321274,1,203,0,0,8,00,00,00,00,00,00,00,00
11:01:25.689 CAN::Logger:321284,1,400,0,0,8,01,00,0C,00,00,00,00,00
11:01:25.694 CAN::Logger:321284,1,204,0,0,8,00,00,00,00,00,00,00,00
11:01:25.700 CAN::Logger:321294,0,300,0,0,8,03,5A,00,5A,32,00,32,FE
11:01:25.703 CAN::Logger:321294,0,301,0,0,3,1D,0E,00
11:01:25.708 CAN::Logger:321304,1,206,0,0,8,00,00,00,00,00,00,00,00
11:01:25.713 CAN::Logger:321304,1,202,0,0,8,E2,1B,00,00,33,99,05,00
11:01:25.718 CAN::Logger:321314,1,666,0,0,8,52,08,05,00,52,95,36,02
11:01:25.723 CAN::Logger:321324,1,665,0,0,8,00,00,00,53,4C,18,53,00
11:01:25.728 CAN::Logger:321334,1,200,0,0,8,4E,00,F8,AB,07,00,01,00
11:01:25.732 CAN::Logger:321344,0,300,0,0,8,03,5A,00,5A,32,00,32,FF
11:01:25.736 CAN::Logger:321344,0,301,0,0,3,E8,0F,00
11:01:25.739 CAN::Logger:321364,1,201,0,0,5,00,00,00,00,60
11:01:25.744 CAN::Logger:321364,1,401,0,0,8,40,9C,00,00,46,00,00,00
11:01:25.750 CAN::Logger:321374,1,203,0,0,8,00,00,00,00,00,00,00,00
11:01:25.755 CAN::Logger:321384,1,400,0,0,8,01,00,0C,00,00,00,00,00
11:01:25.759 CAN::Logger:321394,0,300,0,0,8,03,5A,00,5A,32,00,32,30
11:01:25.763 CAN::Logger:321394,0,301,0,0,3,E2,00,00
11:01:25.767 CAN::Logger:321404,1,206,0,0,8,00,00,00,00,00,00,00,00
11:01:25.772 CAN::Logger:321444,0,300,0,0,8,03,5A,00,5A,32,00,32,31
11:01:25.776 CAN::Logger:321444,0,301,0,0,3,B3,01,00
11:01:25.780 CAN::Logger:321464,1,201,0,0,5,00,00,00,00,60
11:01:25.784 CAN::Logger:321464,1,401,0,0,8,40,9C,00,00,46,00,00,00
11:01:25.789 CAN::Logger:321474,1,203,0,0,8,00,00,00,00,00,00,00,00
11:01:25.795 CAN::Logger:321484,1,400,0,0,8,01,00,0C,00,00,00,00,00
11:01:25.800 CAN::Logger:321494,0,300,0,0,8,03,5A,00,5A,32,00,32,32
11:01:25.803 CAN::Logger:321494,0,301,0,0,3,6B,02,00
11:01:25.807 CAN::Logger:321504,1,206,0,0,8,00,00,00,00,00,00,00,00
11:01:26.303 CAN::Logger:321544,0,300,0,0,8,03,5A,00,5A,32,00,32,33
11:01:26.304 CAN::Logger:321544,0,301,0,0,3,96,03,00
11:01:26.305 CAN::Logger:321564,1,201,0,0,5,00,00,00,00,60
11:01:26.309 CAN::Logger:321564,1,401,0,0,8,40,9C,00,00,46,00,00,00
11:01:26.314 CAN::Logger:321574,1,203,0,0,8,00,00,00,00,00,00,00,00
11:01:26.318 CAN::Logger:321584,1,400,0,0,8,01,00,0C,00,00,00,00,00
11:01:26.355 CAN::Logger:321594,0,300,0,0,8,03,5A,00,5A,32,00,32,74
11:01:26.427 CAN::Logger:321594,0,301,0,0,3,03,04,00
11:01:26.499 CAN::Logger:321694,0,301,0,0,3,F5,06,00
11:01:26.571 CAN::Logger:321784,1,400,0,0,8,01,00,0C,00,00,00,00,00
11:01:26.643 CAN::Logger:321884,1,400,0,0,8,01,00,0C,00,00,00,00,00
11:01:26.719 CAN::Logger:321974,1,203,0,0,8,00,00,00,00,00,00,00,00
11:01:26.791 CAN::Logger:322074,1,203,0,0,8,00,00,00,00,00,00,00,00
11:01:26.863 CAN::Logger:322174,1,203,0,0,8,00,00,00,00,00,00,00,00
11:01:26.935 CAN::Logger:322264,1,201,0,0,5,00,00,00,00,62
11:01:27.007 CAN::Logger:322304,1,202,0,0,8,E2,1C,00,00,33,99,05,00
11:01:27.079 CAN::Logger:322404,1,206,0,0,8,00,00,00,00,00,00,00,00
11:01:27.151 CAN::Logger:322494,0,301,0,0,3,F5,06,00
11:01:27.625 CAN::Logger:322564,1,201,0,0,5,00,00,00,00,62
11:01:27.694 CAN::Logger:322564,1,401,0,0,8,3D,9C,00,00,46,00,00,00
11:01:27.767 CAN::Logger:322664,1,401,0,0,8,3D,9C,00,00,46,00,00,00
11:01:27.839 CAN::Logger:322744,1,402,0,0,8,4E,00,00,00,F8,AB,07,00
11:01:27.911 CAN::Logger:322844,0,300,0,0,8,03,5A,64,5A,32,00,32,BD
11:01:27.983 CAN::Logger:322944,0,300,0,0,8,03,5A,64,5A,32,00,32,BF
11:01:28.055 CAN::Logger:323004,1,206,0,0,8,00,00,00,00,00,00,00,00
11:01:28.127 CAN::Logger:323094,0,301,0,0,3,6B,02,00
11:01:28.199 CAN::Logger:323194,0,300,0,0,8,03,5A,64,5A,32,00,32,34
11:01:28.271 CAN::Logger:323284,1,400,0,0,8,01,00,0C,00,00,00,00,00
11:01:28.343 CAN::Logger:323364,1,201,0,0,5,00,00,00,00,62
11:01:28.415 CAN::Logger:323444,0,301,0,0,3,88,09,00
11:01:28.487 CAN::Logger:323544,0,300,0,0,8,03,5A,64,5A,32,00,32,FB
11:01:28.559 CAN::Logger:323644,0,300,0,0,8,03,5A,64,5A,32,00,32,BD
11:01:28.631 CAN::Logger:323704,1,206,0,0,8,00,00,00,00,00,00,00,00
11:01:28.703 CAN::Logger:323794,0,300,0,0,8,03,5A,64,5A,32,00,32,70
11:01:29.193 CAN::Logger:323894,1,400,0,0,8,01,00,0C,00,00,00,00,00
11:01:29.263 CAN::Logger:323894,0,300,0,0,8,03,5A,64,5A,32,00,32,72
11:01:29.335 CAN::Logger:323994,1,400,0,0,8,01,00,0C,00,00,00,00,00
11:01:29.407 CAN::Logger:324094,1,400,0,0,8,01,00,0C,00,00,00,00,00
11:01:29.479 CAN::Logger:324174,1,203,0,0,8,00,00,00,00,00,00,00,00
11:01:29.551 CAN::Logger:324274,1,401,0,0,8,3D,9C,00,00,46,00,00,00
11:01:29.623 CAN::Logger:324314,1,666,0,0,8,52,08,05,00,52,95,36,02
