10:59:01.875 CAN::Logger:177294,1,401,0,0,8,3B,9C,00,00,46,00,00,00
10:59:01.877 CAN::Logger:177304,0,300,0,0,8,03,5A,64,5A,32,00,32,F8
10:59:01.877 CAN::Logger:177304,0,301,0,0,3,80,08,00
10:59:01.882 CAN::Logger:177314,1,400,0,0,8,01,00,0C,00,00,00,00,00
10:59:01.886 CAN::Logger:177314,1,201,0,0,5,00,00,00,00,62
10:59:01.891 CAN::Logger:177334,1,203,0,0,8,00,00,00,00,00,00,00,00
10:59:01.896 CAN::Logger:177354,1,206,0,0,8,00,00,00,00,00,00,00,00
10:59:01.901 CAN::Logger:177354,0,300,0,0,8,03,5A,64,5A,32,00,32,F9
10:59:01.904 CAN::Logger:177354,0,301,0,0,3,88,09,00
10:59:01.909 CAN::Logger:177394,1,401,0,0,8,3D,9C,00,00,47,00,00,00
10:59:01.914 CAN::Logger:177404,0,300,0,0,8,03,5A,64,5A,32,00,32,FA
10:59:01.917 CAN::Logger:177404,0,301,0,0,3,C6,0A,00
10:59:01.923 CAN::Logger:177414,1,400,0,0,8,01,00,0C,00,00,00,00,00
10:59:01.927 CAN::Logger:177414,1,201,0,0,5,00,00,00,00,62
10:59:01.931 CAN::Logger:177434,1,203,0,0,8,00,00,00,00,00,00,00,00
10:59:01.936 CAN::Logger:177454,1,206,0,0,8,00,00,00,00,00,00,00,00
10:59:01.941 CAN::Logger:177454,0,300,0,0,8,03,5A,64,5A,32,00,32,FB
10:59:01.945 CAN::Logger:177454,0,301,0,0,3,43,0B,00
10:59:01.950 CAN::Logger:177494,1,401,0,0,8,3D,9C,00,00,47,00,00,00
10:59:01.954 CAN::Logger:177504,0,300,0,0,8,03,5A,64,5A,32,00,32,BC
10:59:01.958 CAN::Logger:177504,0,301,0,0,3,B5,0C,00
10:59:01.964 CAN::Logger:177514,1,400,0,0,8,01,00,0C,00,00,00,00,00
10:59:01.967 CAN::Logger:177514,1,201,0,0,5,00,00,00,00,62
10:59:01.972 CAN::Logger:177534,1,203,0,0,8,00,00,00,00,00,00,00,00
10:59:01.977 CAN::Logger:177554,1,206,0,0,8,00,00,00,00,00,00,00,00
10:59:01.981 CAN::Logger:177554,0,300,0,0,8,03,5A,64,5A,32,00,32,BD
10:59:01.986 CAN::Logger:177554,0,301,0,0,3,4E,0D,00
10:59:01.991 CAN::Logger:177574,1,403,0,0,8,64,00,00,00,40,E3,09,00
10:59:01.995 CAN::Logger:177594,1,401,0,0,8,3B,9C,00,00,46,00,00,00
10:59:01.999 CAN::Logger:177604,0,300,0,0,8,03,5A,64,5A,32,00,32,BE
10:59:02.003 CAN::Logger:177604,0,301,0,0,3,1D,0E,00
10:59:02.009 CAN::Logger:177614,1,400,0,0,8,01,00,0C,00,00,00,00,00
10:59:02.012 CAN::Logger:177614,1,201,0,0,5,00,00,00,00,62
10:59:02.018 CAN::Logger:177634,1,203,0,0,8,00,00,00,00,00,00,00,00
10:59:02.022 CAN::Logger:177644,1,204,0,0,8,00,00,00,00,00,00,00,00
10:59:02.026 CAN::Logger:177654,1,206,0,0,8,00,00,00,00,00,00,00,00
10:59:02.031 CAN::Logger:177654,1,202,0,0,8,E2,1D,00,00,33,99,05,00
10:59:02.037 CAN::Logger:177654,0,300,0,0,8,03,5A,64,5A,32,00,32,BF
10:59:02.041 CAN::Logger:177654,0,301,0,0,3,E8,0F,00
10:59:02.045 CAN::Logger:177694,1,401,0,0,8,3B,9C,00,00,46,00,00,00
10:59:02.049 CAN::Logger:177704,0,300,0,0,8,03,5A,64,5A,32,00,32,70
10:59:02.053 CAN::Logger:177704,0,301,0,0,3,E2,00,00
10:59:02.059 CAN::Logger:177714,1,400,0,0,8,01,00,0C,00,00,00,00,00
10:59:02.062 CAN::Logger:177714,1,201,0,0,5,00,00,00,00,62
10:59:02.067 CAN::Logger:177734,1,203,0,0,8,00,00,00,00,00,00,00,00
10:59:02.072 CAN::Logger:177754,1,206,0,0,8,00,00,00,00,00,00,00,00
10:59:02.077 CAN::Logger:177754,0,300,0,0,8,03,5A,64,5A,32,00,32,71
10:59:02.080 CAN::Logger:177754,0,301,0,0,3,B3,01,00
10:59:02.085 CAN::Logger:177794,1,401,0,0,8,3B,9C,00,00,46,00,00,00
10:59:02.090 CAN::Logger:177804,0,300,0,0,8,03,5A,64,5A,32,00,32,72
10:59:02.093 CAN::Logger:177804,0,301,0,0,3,6B,02,00
10:59:02.098 CAN::Logger:177814,1,400,0,0,8,01,00,0C,00,00,00,00,00
10:59:02.103 CAN::Logger:177814,1,201,0,0,5,00,00,00,00,62
10:59:02.107 CAN::Logger:177834,1,203,0,0,8,00,00,00,00,00,00,00,00
10:59:02.113 CAN::Logger:177854,1,206,0,0,8,00,00,00,00,00,00,00,00
10:59:02.117 CAN::Logger:177854,0,300,0,0,8,03,5A,64,5A,32,00,32,73
10:59:02.120 CAN::Logger:177854,0,301,0,0,3,96,03,00
10:59:02.125 CAN::Logger:177894,1,401,0,0,8,40,9C,00,00,47,00,00,00
10:59:02.131 CAN::Logger:177904,0,300,0,0,8,03,5A,64,5A,32,00,32,34
10:59:02.135 CAN::Logger:177904,0,301,0,0,3,03,04,00
10:59:02.139 CAN::Logger:177914,1,400,0,0,8,01,00,0C,00,00,00,00,00
10:59:02.143 CAN::Logger:177914,1,201,0,0,5,00,00,00,00,62
10:59:02.148 CAN::Logger:177934,1,203,0,0,8,00,00,00,00,00,00,00,00
10:59:02.152 CAN::Logger:177954,1,206,0,0,8,00,00,00,00,00,00,00,00
10:59:02.157 CAN::Logger:177954,0,300,0,0,8,03,5A,64,5A,32,00,32,35
10:59:02.161 CAN::Logger:177954,0,301,0,0,3,54,05,00
10:59:02.166 CAN::Logger:177994,1,401,0,0,8,40,9C,00,00,47,00,00,00
10:59:02.171 CAN::Logger:178004,0,300,0,0,8,03,5A,64,5A,32,00,32,36
10:59:02.174 CAN::Logger:178004,0,301,0,0,3,F5,06,00
10:59:02.179 CAN::Logger:178014,1,400,0,0,8,01,00,0C,00,00,00,00,00
10:59:02.183 CAN::Logger:178014,1,201,0,0,5,00,00,00,00,62
10:59:02.188 CAN::Logger:178034,1,203,0,0,8,00,00,00,00,00,00,00,00
10:59:02.193 CAN::Logger:178054,1,206,0,0,8,00,00,00,00,00,00,00,00
10:59:02.198 CAN::Logger:178054,0,300,0,0,8,03,5A,64,5A,32,00,32,37
10:59:02.201 CAN::Logger:178054,0,301,0,0,3,B8,07,00
10:59:02.206 CAN::Logger:178074,1,402,0,0,8,4E,00,00,00,F8,AB,07,00
10:59:02.211 CAN::Logger:178094,1,401,0,0,8,3B,9C,00,00,47,00,00,00
10:59:02.216 CAN::Logger:178104,0,300,0,0,8,03,5A,64,5A,32,00,32,F8
10:59:02.219 CAN::Logger:178104,0,301,0,0,3,80,08,00
10:59:02.224 CAN::Logger:178114,1,400,0,0,8,01,00,0C,00,00,00,00,00
10:59:02.228 CAN::Logger:178114,1,201,0,0,5,00,00,00,00,62
10:59:02.725 CAN::Logger:178134,1,203,0,0,8,00,00,00,00,00,00,00,00
10:59:02.727 CAN::Logger:178154,1,206,0,0,8,00,00,00,00,00,00,00,00
10:59:02.728 CAN::Logger:178154,0,300,0,0,8,03,5A,64,5A,32,00,32,F9
10:59:02.732 CAN::Logger:178154,0,301,0,0,3,88,09,00
10:59:02.737 CAN::Logger:178194,1,401,0,0,8,3B,9C,00,00,47,00,00,00
10:59:02.742 CAN::Logger:178204,0,300,0,0,8,03,5A,64,5A,32,00,32,FA
10:59:02.745 CAN::Logger:178204,0,301,0,0,3,C6,0A,00
10:59:02.750 CAN::Logger:178214,1,400,0,0,8,01,00,0C,00,00,00,00,00
10:59:02.755 CAN::Logger:178214,1,201,0,0,5,00,00,00,00,62
10:59:02.760 CAN::Logger:178234,1,203,0,0,8,00,00,00,00,00,00,00,00
10:59:02.765 CAN::Logger:178254,1,206,0,0,8,00,00,00,00,00,00,00,00
10:59:02.769 CAN::Logger:178254,0,300,0,0,8,03,5A,64,5A,32,00,32,FB
10:59:02.772 CAN::Logger:178254,0,301,0,0,3,43,0B,00
10:59:02.778 CAN::Logger:178294,1,401,0,0,8,3B,9C,00,00,47,00,00,00
10:59:02.782 CAN::Logger:178304,0,300,0,0,8,03,5A,64,5A,32,00,32,BC
10:59:02.786 CAN::Logger:178304,0,301,0,0,3,B5,0C,00
10:59:02.790 CAN::Logger:178314,1,400,0,0,8,01,00,0C,00,00,00,00,00
10:59:02.794 CAN::Logger:178314,1,201,0,0,5,00,00,00,00,62
10:59:02.800 CAN::Logger:178334,1,203,0,0,8,00,00,00,00,00,00,00,00
10:59:02.804 CAN::Logger:178354,1,206,0,0,8,00,00,00,00,00,00,00,00
10:59:02.810 CAN::Logger:178354,0,300,0,0,8,03,5A,64,5A,32,00,32,BD
10:59:02.813 CAN::Logger:178354,0,301,0,0,3,4E,0D,00
10:59:02.818 CAN::Logger:178394,1,401,0,0,8,3D,9C,00,00,47,00,00,00
10:59:02.822 CAN::Logger:178404,0,300,0,0,8,03,5A,64,5A,32,00,32,BE
10:59:02.826 CAN::Logger:178404,0,301,0,0,3,1D,0E,00
10:59:02.831 CAN::Logger:178414,1,400,0,0,8,01,00,0C,00,00,00,00,00
10:59:02.835 CAN::Logger:178414,1,201,0,0,5,00,00,00,00,62
10:59:02.840 CAN::Logger:178434,1,203,0,0,8,00,00,00,00,00,00,00,00
10:59:02.845 CAN::Logger:178454,1,206,0,0,8,00,00,00,00,00,00,00,00
10:59:02.849 CAN::Logger:178454,0,300,0,0,8,03,5A,64,5A,32,00,32,BF
10:59:02.853 CAN::Logger:178454,0,301,0,0,3,E8,0F,00
10:59:02.858 CAN::Logger:178494,1,401,0,0,8,3D,9C,00,00,47,00,00,00
10:59:02.864 CAN::Logger:178504,0,300,0,0,8,03,5A,64,5A,32,00,32,70
10:59:02.866 CAN::Logger:178504,0,301,0,0,3,E2,00,00
10:59:02.871 CAN::Logger:178514,1,400,0,0,8,01,00,0C,00,00,00,00,00
10:59:02.875 CAN::Logger:178514,1,201,0,0,5,00,00,00,00,62
10:59:02.881 CAN::Logger:178534,1,203,0,0,8,00,00,00,00,00,00,00,00
10:59:02.885 CAN::Logger:178554,1,206,0,0,8,00,00,00,00,00,00,00,00
10:59:02.890 CAN::Logger:178554,0,300,0,0,8,03,5A,64,5A,32,00,32,71
10:59:02.893 CAN::Logger:178554,0,301,0,0,3,B3,01,00
10:59:02.898 CAN::Logger:178574,1,403,0,0,8,64,00,00,00,40,E3,09,00
10:59:02.903 CAN::Logger:178594,1,401,0,0,8,3D,9C,00,00,47,00,00,00
10:59:02.909 CAN::Logger:178604,0,300,0,0,8,03,5A,64,5A,32,00,32,72
10:59:02.911 CAN::Logger:178604,0,301,0,0,3,6B,02,00
10:59:02.917 CAN::Logger:178614,1,400,0,0,8,01,00,0C,00,00,00,00,00
10:59:02.921 CAN::Logger:178614,1,201,0,0,5,00,00,00,00,62
10:59:02.925 CAN::Logger:178634,1,203,0,0,8,00,00,00,00,00,00,00,00
10:59:02.930 CAN::Logger:178644,1,204,0,0,8,00,00,00,00,00,00,00,00
10:59:02.936 CAN::Logger:178654,1,206,0,0,8,00,00,00,00,00,00,00,00
10:59:02.940 CAN::Logger:178654,1,202,0,0,8,E2,1D,00,00,33,99,05,00
10:59:02.946 CAN::Logger:178654,0,300,0,0,8,03,5A,64,5A,32,00,32,73
10:59:02.949 CAN::Logger:178654,0,301,0,0,3,96,03,00
10:59:02.953 CAN::Logger:178664,1,666,0,0,8,52,08,05,00,52,95,36,02
10:59:02.959 CAN::Logger:178674,1,665,0,0,8,00,00,00,53,4C,18,53,00
10:59:02.964 CAN::Logger:178694,1,200,0,0,8,4E,00,F8,AB,07,00,01,00
10:59:02.968 CAN::Logger:178694,1,401,0,0,8,3D,9C,00,00,47,00,00,00
10:59:02.973 CAN::Logger:178704,0,300,0,0,8,03,5A,64,5A,32,00,32,34
10:59:02.977 CAN::Logger:178704,0,301,0,0,3,03,04,00
10:59:02.982 CAN::Logger:178714,1,400,0,0,8,01,00,0C,00,00,00,00,00
10:59:02.985 CAN::Logger:178714,1,201,0,0,5,00,00,00,00,62
10:59:02.990 CAN::Logger:178734,1,203,0,0,8,00,00,00,00,00,00,00,00
10:59:02.996 CAN::Logger:178754,1,206,0,0,8,00,00,00,00,00,00,00,00
10:59:03.000 CAN::Logger:178754,0,300,0,0,8,03,5A,64,5A,32,00,32,35
10:59:03.004 CAN::Logger:178754,0,301,0,0,3,54,05,00
10:59:03.008 CAN::Logger:178794,1,401,0,0,8,3D,9C,00,00,47,00,00,00
10:59:03.013 CAN::Logger:178804,0,300,0,0,8,03,5A,64,5A,32,00,32,36
10:59:03.017 CAN::Logger:178804,0,301,0,0,3,F5,06,00
10:59:03.022 CAN::Logger:178814,1,400,0,0,8,01,00,0C,00,00,00,00,00
10:59:03.025 CAN::Logger:178814,1,201,0,0,5,00,00,00,00,62
10:59:03.031 CAN::Logger:178834,1,203,0,0,8,00,00,00,00,00,00,00,00
10:59:03.035 CAN::Logger:178854,1,206,0,0,8,00,00,00,00,00,00,00,00
10:59:03.041 CAN::Logger:178854,0,300,0,0,8,03,5A,64,5A,32,00,32,37
10:59:03.044 CAN::Logger:178854,0,301,0,0,3,B8,07,00
10:59:03.048 CAN::Logger:178894,1,401,0,0,8,3B,9C,00,00,47,00,00,00
10:59:03.053 CAN::Logger:178904,0,300,0,0,8,03,5A,64,5A,32,00,32,F8
10:59:03.057 CAN::Logger:178904,0,301,0,0,3,80,08,00
10:59:03.062 CAN::Logger:178914,1,400,0,0,8,01,00,0C,00,00,00,00,00
10:59:03.066 CAN::Logger:178914,1,201,0,0,5,00,00,00,00,62
10:59:03.071 CAN::Logger:178934,1,203,0,0,8,00,00,00,00,00,00,00,00
10:59:03.075 CAN::Logger:178954,1,206,0,0,8,00,00,00,00,00,00,00,00
10:59:03.080 CAN::Logger:178954,0,300,0,0,8,03,5A,64,5A,32,00,32,F9
10:59:03.084 CAN::Logger:178954,0,301,0,0,3,88,09,00
10:59:03.575 CAN::Logger:178994,1,401,0,0,8,3B,9C,00,00,47,00,00,00
10:59:03.576 CAN::Logger:179004,0,300,0,0,8,03,5A,64,5A,32,00,32,FA
10:59:03.577 CAN::Logger:179004,0,301,0,0,3,C6,0A,00
10:59:03.581 CAN::Logger:179014,1,201,0,0,5,00,00,00,00,62
10:59:03.586 CAN::Logger:179014,1,400,0,0,8,01,00,0C,00,00,00,00,00
10:59:03.591 CAN::Logger:179034,1,203,0,0,8,00,00,00,00,00,00,00,00
10:59:03.596 CAN::Logger:179054,1,206,0,0,8,00,00,00,00,00,00,00,00
10:59:03.601 CAN::Logger:179054,0,300,0,0,8,03,5A,64,5A,32,00,32,FB
10:59:03.604 CAN::Logger:179054,0,301,0,0,3,43,0B,00
10:59:03.609 CAN::Logger:179074,1,402,0,0,8,4E,00,00,00,F8,AB,07,00
10:59:03.614 CAN::Logger:179094,1,401,0,0,8,3B,9C,00,00,47,00,00,00
10:59:03.619 CAN::Logger:179104,0,300,0,0,8,03,5A,64,5A,32,00,32,BC
10:59:03.623 CAN::Logger:179104,0,301,0,0,3,B5,0C,00
10:59:03.627 CAN::Logger:179114,1,201,0,0,5,00,00,00,00,62
10:59:03.632 CAN::Logger:179114,1,400,0,0,8,01,00,0C,00,00,00,00,00
10:59:03.636 CAN::Logger:179134,1,203,0,0,8,00,00,00,00,00,00,00,00
10:59:03.641 CAN::Logger:179154,1,206,0,0,8,00,00,00,00,00,00,00,00
10:59:03.646 CAN::Logger:179154,0,300,0,0,8,03,5A,64,5A,32,00,32,BD
10:59:03.649 CAN::Logger:179154,0,301,0,0,3,4E,0D,00
10:59:03.655 CAN::Logger:179194,1,401,0,0,8,3B,9C,00,00,47,00,00,00
10:59:03.660 CAN::Logger:179204,0,300,0,0,8,03,5A,64,5A,32,00,32,BE
10:59:03.662 CAN::Logger:179204,0,301,0,0,3,1D,0E,00
10:59:03.667 CAN::Logger:179214,1,201,0,0,5,00,00,00,00,62
10:59:03.672 CAN::Logger:179214,1,400,0,0,8,01,00,0C,00,00,00,00,00
10:59:03.676 CAN::Logger:179234,1,203,0,0,8,00,00,00,00,00,00,00,00
10:59:03.681 CAN::Logger:179254,1,206,0,0,8,00,00,00,00,00,00,00,00
10:59:03.687 CAN::Logger:179254,0,300,0,0,8,03,5A,64,5A,32,00,32,BF
10:59:03.691 CAN::Logger:179254,0,301,0,0,3,E8,0F,00
10:59:03.694 CAN::Logger:179294,1,401,0,0,8,3B,9C,00,00,47,00,00,00
10:59:03.700 CAN::Logger:179304,0,300,0,0,8,03,5A,64,5A,32,00,32,70
10:59:03.703 CAN::Logger:179304,0,301,0,0,3,E2,00,00
10:59:03.707 CAN::Logger:179314,1,201,0,0,5,00,00,00,00,62
10:59:03.713 CAN::Logger:179314,1,400,0,0,8,01,00,0C,00,00,00,00,00
10:59:03.717 CAN::Logger:179334,1,203,0,0,8,00,00,00,00,00,00,00,00
10:59:03.723 CAN::Logger:179354,1,206,0,0,8,00,00,00,00,00,00,00,00
10:59:03.726 CAN::Logger:179354,0,300,0,0,8,03,5A,64,5A,32,00,32,71
10:59:03.730 CAN::Logger:179354,0,301,0,0,3,B3,01,00
10:59:03.736 CAN::Logger:179394,1,401,0,0,8,3B,9C,00,00,47,00,00,00
10:59:03.740 CAN::Logger:179404,0,300,0,0,8,03,5A,64,5A,32,00,32,72
10:59:03.743 CAN::Logger:179404,0,301,0,0,3,6B,02,00
10:59:03.747 CAN::Logger:179414,1,201,0,0,5,00,00,00,00,62
10:59:03.753 CAN::Logger:179414,1,400,0,0,8,01,00,0C,00,00,00,00,00
10:59:03.757 CAN::Logger:179434,1,203,0,0,8,00,00,00,00,00,00,00,00
10:59:03.763 CAN::Logger:179454,1,206,0,0,8,00,00,00,00,00,00,00,00
10:59:03.767 CAN::Logger:179454,0,300,0,0,8,03,5A,64,5A,32,00,32,73
10:59:03.770 CAN::Logger:179454,0,301,0,0,3,96,03,00
10:59:03.775 CAN::Logger:179494,1,401,0,0,8,3B,9C,00,00,47,00,00,00
10:59:03.780 CAN::Logger:179504,0,300,0,0,8,03,5A,64,5A,32,00,32,34
10:59:03.784 CAN::Logger:179504,0,301,0,0,3,03,04,00
10:59:03.788 CAN::Logger:179514,1,201,0,0,5,00,00,00,00,62
10:59:03.793 CAN::Logger:179524,1,400,0,0,8,01,00,0C,00,00,00,00,00
10:59:03.797 CAN::Logger:179534,1,203,0,0,8,00,00,00,00,00,00,00,00
10:59:03.802 CAN::Logger:179554,1,206,0,0,8,00,00,00,00,00,00,00,00
10:59:03.807 CAN::Logger:179554,0,300,0,0,8,03,5A,64,5A,32,00,32,35
10:59:03.812 CAN::Logger:179554,0,301,0,0,3,54,05,00
10:59:03.816 CAN::Logger:179584,1,403,0,0,8,64,00,00,00,40,E3,09,00
10:59:03.820 CAN::Logger:179604,1,401,0,0,8,3B,9C,00,00,46,00,00,00
10:59:03.825 CAN::Logger:179604,0,300,0,0,8,03,5A,64,5A,32,00,32,36
10:59:03.829 CAN::Logger:179604,0,301,0,0,3,F5,06,00
10:59:03.833 CAN::Logger:179614,1,201,0,0,5,00,00,00,00,62
10:59:03.838 CAN::Logger:179624,1,400,0,0,8,01,00,0C,00,00,00,00,00
10:59:03.844 CAN::Logger:179634,1,203,0,0,8,00,00,00,00,00,00,00,00
10:59:03.848 CAN::Logger:179644,1,204,0,0,8,00,00,00,00,00,00,00,00
10:59:03.852 CAN::Logger:179654,1,206,0,0,8,00,00,00,00,00,00,00,00
10:59:03.858 CAN::Logger:179654,1,202,0,0,8,E2,1C,00,00,33,99,05,00
10:59:03.863 CAN::Logger:179654,0,300,0,0,8,03,5A,64,5A,32,00,32,37
10:59:03.866 CAN::Logger:179654,0,301,0,0,3,B8,07,00
10:59:03.871 CAN::Logger:179704,1,401,0,0,8,3B,9C,00,00,46,00,00,00
10:59:03.875 CAN::Logger:179704,0,300,0,0,8,03,5A,64,5A,32,00,32,F8
10:59:03.879 CAN::Logger:179704,0,301,0,0,3,80,08,00
10:59:03.884 CAN::Logger:179714,1,201,0,0,5,00,00,00,00,62
10:59:03.889 CAN::Logger:179724,1,400,0,0,8,01,00,0C,00,00,00,00,00
10:59:03.893 CAN::Logger:179734,1,203,0,0,8,00,00,00,00,00,00,00,00
10:59:03.899 CAN::Logger:179754,1,206,0,0,8,00,00,00,00,00,00,00,00
10:59:03.902 CAN::Logger:179754,0,300,0,0,8,03,5A,64,5A,32,00,32,F9
10:59:03.906 CAN::Logger:179754,0,301,0,0,3,88,09,00
10:59:03.911 CAN::Logger:179804,1,401,0,0,8,3B,9C,00,00,46,00,00,00
10:59:03.917 CAN::Logger:179804,0,300,0,0,8,03,5A,64,5A,32,00,32,FA
10:59:03.919 CAN::Logger:179804,0,301,0,0,3,C6,0A,00
10:59:03.924 CAN::Logger:179814,1,201,0,0,5,00,00,00,00,62
10:59:03.928 CAN::Logger:179824,1,400,0,0,8,01,00,0C,00,00,00,00,00
10:59:04.425 CAN::Logger:179834,1,203,0,0,8,00,00,00,00,00,00,00,00
10:59:04.426 CAN::Logger:179854,1,206,0,0,8,00,00,00,00,00,00,00,00
10:59:04.428 CAN::Logger:179854,0,300,0,0,8,03,5A,64,5A,32,00,32,FB
10:59:04.432 CAN::Logger:179854,0,301,0,0,3,43,0B,00
10:59:04.437 CAN::Logger:179904,1,401,0,0,8,3D,9C,00,00,46,00,00,00
10:59:04.442 CAN::Logger:179904,0,300,0,0,8,03,5A,64,5A,32,00,32,BC
10:59:04.445 CAN::Logger:179904,0,301,0,0,3,B5,0C,00
10:59:04.449 CAN::Logger:179914,1,201,0,0,5,00,00,00,00,62
10:59:04.454 CAN::Logger:179914,0,100,0,0,8,04,2E,02,0D,00,00,00,00
10:59:04.480 CAN::Logger:179924,1,400,0,0,8,01,00,0C,00,00,00,00,00
10:59:04.481 CAN::Logger:179924,1,101,0,0,8,03,6E,02,0D,E0,B4,1B,02
10:59:04.482 CAN::Logger:179934,1,203,0,0,8,00,00,00,00,00,00,00,00
10:59:04.482 CAN::Logger:179954,1,206,0,0,8,00,00,00,00,00,00,00,00
10:59:04.483 CAN::Logger:179954,0,300,0,0,8,03,5A,64,5A,32,00,32,BD
10:59:04.488 CAN::Logger:179954,0,301,0,0,3,4E,0D,00
10:59:04.492 CAN::Logger:180004,1,401,0,0,8,3D,9C,00,00,46,00,00,00
10:59:04.497 CAN::Logger:180004,0,300,0,0,8,03,5A,64,5A,32,00,32,BE
10:59:04.501 CAN::Logger:180004,0,301,0,0,3,1D,0E,00
10:59:04.504 CAN::Logger:180014,1,201,0,0,5,00,00,00,00,62
10:59:04.509 CAN::Logger:180024,1,400,0,0,8,01,00,0C,00,00,00,00,00
10:59:04.515 CAN::Logger:180024,0,100,0,0,8,05,2E,02,07,78,1E,00,00
10:59:04.520 CAN::Logger:180024,1,101,0,0,8,03,6E,02,07,E0,B3,FF,02
10:59:04.524 CAN::Logger:180034,1,203,0,0,8,00,00,00,00,00,00,00,00
10:59:04.529 CAN::Logger:180054,1,206,0,0,8,00,00,00,00,00,00,00,00
10:59:04.534 CAN::Logger:180054,0,300,0,0,8,03,5A,64,5A,32,00,32,BF
10:59:04.537 CAN::Logger:180054,0,301,0,0,3,E8,0F,00
10:59:04.542 CAN::Logger:180084,1,402,0,0,8,4E,00,00,00,F8,AB,07,00
10:59:04.547 CAN::Logger:180104,1,401,0,0,8,3D,9C,00,00,46,00,00,00
10:59:04.552 CAN::Logger:180104,0,300,0,0,8,03,5A,64,5A,32,00,32,70
10:59:04.555 CAN::Logger:180104,0,301,0,0,3,E2,00,00
10:59:04.559 CAN::Logger:180114,1,201,0,0,5,00,00,00,00,62
10:59:04.565 CAN::Logger:180124,1,400,0,0,8,01,00,0C,00,00,00,00,00
10:59:04.570 CAN::Logger:180134,1,203,0,0,8,00,00,00,00,00,00,00,00
10:59:04.574 CAN::Logger:180154,1,206,0,0,8,00,00,00,00,00,00,00,00
10:59:04.579 CAN::Logger:180154,0,300,0,0,8,03,5A,64,5A,32,00,32,71
10:59:04.583 CAN::Logger:180154,0,301,0,0,3,B3,01,00
10:59:04.587 CAN::Logger:180204,1,401,0,0,8,3D,9C,00,00,46,00,00,00
10:59:04.592 CAN::Logger:180204,0,300,0,0,8,03,5A,64,5A,32,00,32,72
10:59:04.596 CAN::Logger:180204,0,301,0,0,3,6B,02,00
10:59:04.600 CAN::Logger:180214,1,201,0,0,5,00,00,00,00,62
10:59:04.605 CAN::Logger:180224,1,400,0,0,8,01,00,0C,00,00,00,00,00
10:59:04.609 CAN::Logger:180234,1,203,0,0,8,00,00,00,00,00,00,00,00
10:59:04.615 CAN::Logger:180254,1,206,0,0,8,00,00,00,00,00,00,00,00
10:59:04.619 CAN::Logger:180254,0,300,0,0,8,03,5A,64,5A,32,00,32,73
10:59:04.622 CAN::Logger:180254,0,301,0,0,3,96,03,00
10:59:04.627 CAN::Logger:180304,1,401,0,0,8,3D,9C,00,00,47,00,00,00
10:59:04.633 CAN::Logger:180304,0,300,0,0,8,03,5A,64,5A,32,00,32,34
10:59:04.636 CAN::Logger:180304,0,301,0,0,3,03,04,00
10:59:04.641 CAN::Logger:180314,1,201,0,0,5,00,00,00,00,62
10:59:04.645 CAN::Logger:180324,1,400,0,0,8,01,00,0C,00,00,00,00,00
10:59:04.650 CAN::Logger:180334,1,203,0,0,8,00,00,00,00,00,00,00,00
10:59:04.653 CAN::Logger:180344,0,404,0,0,5,02,30,00,00,00
10:59:04.659 CAN::Logger:180344,1,405,0,0,7,02,48,00,00,00,00,00
10:59:04.664 CAN::Logger:180354,1,206,0,0,8,00,00,00,00,00,00,00,00
10:59:04.668 CAN::Logger:180354,0,300,0,0,8,03,5A,64,5A,32,00,32,35
10:59:04.671 CAN::Logger:180354,0,301,0,0,3,54,05,00
10:59:04.676 CAN::Logger:180364,0,100,0,0,8,05,2E,02,06,60,09,00,00
10:59:04.681 CAN::Logger:180374,1,101,0,0,8,03,6E,02,06,E0,B3,F8,02
10:59:04.686 CAN::Logger:180374,0,100,0,0,8,03,22,02,06,00,00,00,00
10:59:04.692 CAN::Logger:180374,1,101,0,0,8,05,62,02,06,60,09,E0,AA
10:59:04.697 CAN::Logger:180404,1,401,0,0,8,3D,9C,00,00,47,00,00,00
10:59:04.700 CAN::Logger:180404,0,300,0,0,8,03,5A,64,5A,32,00,32,36
10:59:04.705 CAN::Logger:180404,0,301,0,0,3,F5,06,00
10:59:04.708 CAN::Logger:180414,1,201,0,0,5,00,00,00,00,62
10:59:04.713 CAN::Logger:180424,1,400,0,0,8,01,00,0C,00,00,00,00,00
10:59:04.718 CAN::Logger:180434,1,203,0,0,8,00,00,00,00,00,00,00,00
10:59:04.724 CAN::Logger:180454,1,206,0,0,8,00,00,00,00,00,00,00,00
10:59:04.728 CAN::Logger:180454,0,300,0,0,8,03,5A,64,5A,32,00,32,37
10:59:04.731 CAN::Logger:180454,0,301,0,0,3,B8,07,00
10:59:04.737 CAN::Logger:180504,1,401,0,0,8,3D,9C,00,00,47,00,00,00
10:59:04.742 CAN::Logger:180504,0,300,0,0,8,03,5A,64,5A,32,00,32,F8
10:59:04.744 CAN::Logger:180504,0,301,0,0,3,80,08,00
10:59:04.749 CAN::Logger:180514,1,201,0,0,5,00,00,00,00,62
10:59:04.754 CAN::Logger:180524,1,400,0,0,8,01,00,0C,00,00,00,00,00
10:59:04.758 CAN::Logger:180534,1,203,0,0,8,00,00,00,00,00,00,00,00
10:59:04.764 CAN::Logger:180554,1,206,0,0,8,00,00,00,00,00,00,00,00
10:59:04.769 CAN::Logger:180554,0,300,0,0,8,03,5A,64,5A,32,00,32,F9
10:59:04.772 CAN::Logger:180554,0,301,0,0,3,88,09,00
10:59:04.776 CAN::Logger:180584,1,403,0,0,8,64,00,00,00,40,E3,09,00
10:59:04.781 CAN::Logger:180604,1,401,0,0,8,3D,9C,00,00,47,00,00,00
10:59:04.786 CAN::Logger:180604,0,300,0,0,8,03,5A,64,5A,32,00,32,FA
10:59:04.790 CAN::Logger:180604,0,301,0,0,3,C6,0A,00
10:59:04.794 CAN::Logger:180614,1,201,0,0,5,00,00,00,00,62
10:59:04.799 CAN::Logger:180624,1,400,0,0,8,01,00,0C,00,00,00,00,00
10:59:04.804 CAN::Logger:180634,1,203,0,0,8,00,00,00,00,00,00,00,00
10:59:04.808 CAN::Logger:180644,1,204,0,0,8,00,00,00,00,00,00,00,00
10:59:04.814 CAN::Logger:180654,1,206,0,0,8,00,00,00,00,00,00,00,00
10:59:04.818 CAN::Logger:180654,1,202,0,0,8,E2,1D,00,00,33,99,05,00
10:59:04.824 CAN::Logger:180654,0,300,0,0,8,03,5A,64,5A,32,00,32,FB
10:59:04.826 CAN::Logger:180654,0,301,0,0,3,43,0B,00
10:59:05.325 CAN::Logger:180704,1,401,0,0,8,3D,9C,00,00,47,00,00,00
10:59:05.326 CAN::Logger:180704,0,300,0,0,8,03,5A,64,5A,32,00,32,BC
10:59:05.327 CAN::Logger:180704,0,301,0,0,3,B5,0C,00
10:59:05.331 CAN::Logger:180714,1,201,0,0,5,00,00,00,00,62
10:59:05.336 CAN::Logger:180724,1,400,0,0,8,01,00,0C,00,00,00,00,00
10:59:05.341 CAN::Logger:180734,1,203,0,0,8,00,00,00,00,00,00,00,00
10:59:05.346 CAN::Logger:180754,1,206,0,0,8,00,00,00,00,00,00,00,00
10:59:05.351 CAN::Logger:180754,0,300,0,0,8,03,5A,64,5A,32,00,32,BD
10:59:05.355 CAN::Logger:180754,0,301,0,0,3,4E,0D,00
10:59:05.359 CAN::Logger:180804,1,401,0,0,8,3D,9C,00,00,47,00,00,00
10:59:05.364 CAN::Logger:180804,0,300,0,0,8,03,5A,64,5A,32,00,32,BE
10:59:05.367 CAN::Logger:180804,0,301,0,0,3,1D,0E,00
10:59:05.372 CAN::Logger:180814,1,201,0,0,5,00,00,00,00,62
10:59:05.376 CAN::Logger:180824,1,400,0,0,8,01,00,0C,00,00,00,00,00
10:59:05.381 CAN::Logger:180834,1,203,0,0,8,00,00,00,00,00,00,00,00
10:59:05.386 CAN::Logger:180854,1,206,0,0,8,00,00,00,00,00,00,00,00
10:59:05.391 CAN::Logger:180854,0,300,0,0,8,03,5A,64,5A,32,00,32,BF
10:59:05.395 CAN::Logger:180854,0,301,0,0,3,E8,0F,00
10:59:05.400 CAN::Logger:180904,1,401,0,0,8,3D,9C,00,00,47,00,00,00
10:59:05.404 CAN::Logger:180904,0,300,0,0,8,03,5A,64,5A,32,00,32,70
10:59:05.408 CAN::Logger:180904,0,301,0,0,3,E2,00,00
10:59:05.412 CAN::Logger:180914,1,201,0,0,5,00,00,00,00,62
10:59:05.418 CAN::Logger:180924,1,400,0,0,8,01,00,0C,00,00,00,00,00
10:59:05.421 CAN::Logger:180934,1,203,0,0,8,00,00,00,00,00,00,00,00
10:59:05.427 CAN::Logger:180954,1,206,0,0,8,00,00,00,00,00,00,00,00
10:59:05.431 CAN::Logger:180954,0,300,0,0,8,03,5A,64,5A,32,00,32,71
10:59:05.435 CAN::Logger:180954,0,301,0,0,3,B3,01,00
10:59:05.441 CAN::Logger:181004,1,401,0,0,8,3D,9C,00,00,47,00,00,00
10:59:05.445 CAN::Logger:181004,0,300,0,0,8,03,5A,64,5A,32,00,32,72
10:59:05.448 CAN::Logger:181004,0,301,0,0,3,6B,02,00
10:59:05.452 CAN::Logger:181014,1,201,0,0,5,00,00,00,00,62
10:59:05.457 CAN::Logger:181024,1,400,0,0,8,01,00,0C,00,00,00,00,00
10:59:05.461 CAN::Logger:181034,0,404,0,0,2,4A,00
10:59:05.465 CAN::Logger:181034,1,203,0,0,8,00,00,00,00,00,00,00,00
10:59:05.470 CAN::Logger:181034,1,405,0,0,8,4A,00,00,00,06,00,00,00
10:59:05.476 CAN::Logger:181054,1,206,0,0,8,00,00,00,00,00,00,00,00
10:59:05.480 CAN::Logger:181054,0,300,0,0,8,03,5A,64,5A,32,00,32,73
10:59:05.483 CAN::Logger:181054,0,301,0,0,3,96,03,00
10:59:05.486 CAN::Logger:181064,0,404,0,0,2,02,30
10:59:05.491 CAN::Logger:181064,1,405,0,0,7,02,48,00,00,00,00,00
10:59:05.496 CAN::Logger:181084,1,402,0,0,8,4E,00,00,00,F8,AB,07,00
10:59:05.499 CAN::Logger:181094,0,404,0,0,2,44,00
10:59:05.505 CAN::Logger:181094,1,405,0,0,6,44,00,00,00,50,46
10:59:05.509 CAN::Logger:181104,1,401,0,0,8,40,9C,00,00,47,00,00,00
10:59:05.513 CAN::Logger:181104,0,300,0,0,8,03,5A,64,5A,32,00,32,34
10:59:05.517 CAN::Logger:181104,0,301,0,0,3,03,04,00
10:59:05.522 CAN::Logger:181114,1,201,0,0,5,00,00,00,00,62
10:59:05.526 CAN::Logger:181124,1,400,0,0,8,01,00,0C,00,00,00,00,00
10:59:05.529 CAN::Logger:181124,0,404,0,0,2,01,00
10:59:05.535 CAN::Logger:181124,1,405,0,0,8,01,00,00,00,00,04,06,04
10:59:05.539 CAN::Logger:181134,1,203,0,0,8,00,00,00,00,00,00,00,00
10:59:05.542 CAN::Logger:181154,0,404,0,0,2,A3,01
10:59:05.547 CAN::Logger:181154,1,206,0,0,8,00,00,00,00,00,00,00,00
10:59:05.551 CAN::Logger:181154,1,405,0,0,5,A3,01,00,00,06
10:59:05.556 CAN::Logger:181154,0,300,0,0,8,03,5A,64,5A,32,00,32,35
10:59:05.560 CAN::Logger:181154,0,301,0,0,3,54,05,00
10:59:05.563 CAN::Logger:181184,0,404,0,0,2,20,00
10:59:05.569 CAN::Logger:181184,1,405,0,0,8,20,00,00,00,32,33,36,47
10:59:05.573 CAN::Logger:181204,1,401,0,0,8,40,9C,00,00,47,00,00,00
10:59:05.578 CAN::Logger:181204,0,300,0,0,8,03,5A,64,5A,32,00,32,36
10:59:05.581 CAN::Logger:181204,0,301,0,0,3,F5,06,00
10:59:05.586 CAN::Logger:181214,1,201,0,0,5,00,00,00,00,62
10:59:05.588 CAN::Logger:181224,0,404,0,0,2,21,00
10:59:05.593 CAN::Logger:181224,1,405,0,0,8,21,00,00,00,35,4C,41,31
10:59:05.599 CAN::Logger:181224,1,400,0,0,8,01,00,0C,00,00,00,00,00
10:59:05.603 CAN::Logger:181234,1,203,0,0,8,00,00,00,00,00,00,00,00
10:59:05.606 CAN::Logger:181244,0,404,0,0,2,22,00
10:59:05.612 CAN::Logger:181244,1,405,0,0,8,22,00,00,00,30,30,34,52
10:59:05.616 CAN::Logger:181254,1,206,0,0,8,00,00,00,00,00,00,00,00
10:59:05.621 CAN::Logger:181254,0,300,0,0,8,03,5A,64,5A,32,00,32,37
10:59:05.624 CAN::Logger:181254,0,301,0,0,3,B8,07,00
10:59:05.629 CAN::Logger:181284,0,404,0,0,2,23,00
10:59:05.633 CAN::Logger:181284,1,405,0,0,8,23,00,00,00,4D,30,30,30
10:59:05.637 CAN::Logger:181304,1,401,0,0,8,40,9C,00,00,47,00,00,00
10:59:05.642 CAN::Logger:181304,0,300,0,0,8,03,5A,64,5A,32,00,32,F8
10:59:05.646 CAN::Logger:181304,0,301,0,0,3,80,08,00
10:59:05.649 CAN::Logger:181314,0,404,0,0,2,24,00
10:59:05.654 CAN::Logger:181314,1,405,0,0,8,24,00,00,00,30,30,30,30
10:59:05.658 CAN::Logger:181314,1,201,0,0,5,00,00,00,00,62
10:59:05.663 CAN::Logger:181324,1,400,0,0,8,01,00,0C,00,00,00,00,00
10:59:05.669 CAN::Logger:181334,1,203,0,0,8,00,00,00,00,00,00,00,00
10:59:05.671 CAN::Logger:181344,0,404,0,0,2,25,00
10:59:05.676 CAN::Logger:181344,1,405,0,0,8,25,00,00,00,30,30,30,30
10:59:05.682 CAN::Logger:181354,1,206,0,0,8,00,00,00,00,00,00,00,00
10:59:05.687 CAN::Logger:181354,0,300,0,0,8,03,5A,64,5A,32,00,32,F9
10:59:05.689 CAN::Logger:181354,0,301,0,0,3,88,09,00
10:59:05.693 CAN::Logger:181374,0,404,0,0,2,26,00
10:59:05.697 CAN::Logger:181374,1,405,0,0,8,26,00,00,00,30,30,30,30
10:59:05.702 CAN::Logger:181394,0,100,0,0,8,03,22,02,06,00,00,00,00
10:59:05.707 CAN::Logger:181394,1,101,0,0,8,05,62,02,06,60,09,E0,AA
10:59:05.713 CAN::Logger:181404,1,401,0,0,8,3D,9C,00,00,47,00,00,00
10:59:05.715 CAN::Logger:181404,0,404,0,0,2,27,00
10:59:05.721 CAN::Logger:181404,1,405,0,0,6,27,00,00,00,30,30
10:59:05.724 CAN::Logger:181404,0,300,0,0,8,03,5A,64,5A,32,00,32,FA
10:59:05.729 CAN::Logger:181404,0,301,0,0,3,C6,0A,00
10:59:05.732 CAN::Logger:181414,1,201,0,0,5,00,00,00,00,62
10:59:05.737 CAN::Logger:181424,1,400,0,0,8,01,00,0C,00,00,00,00,00
10:59:05.742 CAN::Logger:181434,1,203,0,0,8,00,00,00,00,00,00,00,00
10:59:05.745 CAN::Logger:181434,0,404,0,0,2,4C,00
10:59:05.751 CAN::Logger:181434,1,405,0,0,8,4C,00,00,00,01,24,00,00
10:59:05.756 CAN::Logger:181454,1,206,0,0,8,00,00,00,00,00,00,00,00
10:59:05.760 CAN::Logger:181454,0,300,0,0,8,03,5A,64,5A,32,00,32,FB
10:59:05.763 CAN::Logger:181454,0,301,0,0,3,43,0B,00
10:59:05.767 CAN::Logger:181464,0,404,0,0,2,46,00
10:59:05.771 CAN::Logger:181464,1,405,0,0,5,46,00,00,00,00
10:59:05.775 CAN::Logger:181494,0,404,0,0,2,4D,00
10:59:05.780 CAN::Logger:181494,1,405,0,0,8,4D,00,00,00,00,00,00,00
10:59:05.784 CAN::Logger:181504,1,401,0,0,8,3D,9C,00,00,47,00,00,00
10:59:05.788 CAN::Logger:181504,0,300,0,0,8,03,5A,64,5A,32,00,32,BC
10:59:05.792 CAN::Logger:181504,0,301,0,0,3,B5,0C,00
10:59:05.796 CAN::Logger:181514,1,201,0,0,5,00,00,00,00,62
10:59:05.831 CAN::Logger:181524,1,400,0,0,8,01,00,0C,00,00,00,00,00
10:59:05.904 CAN::Logger:181534,1,203,0,0,8,00,00,00,00,00,00,00,00
10:59:06.395 CAN::Logger:181584,1,403,0,0,8,64,00,00,00,40,E3,09,00
10:59:06.466 CAN::Logger:181594,0,404,0,0,2,0A,00
10:59:06.539 CAN::Logger:181634,1,203,0,0,8,00,00,00,00,00,00,00,00
10:59:06.611 CAN::Logger:181664,1,666,0,0,8,52,08,05,00,52,95,36,02
10:59:06.683 CAN::Logger:181724,1,400,0,0,8,01,00,0C,00,00,00,00,00
10:59:06.755 CAN::Logger:181824,1,400,0,0,8,01,00,0C,00,00,00,00,00
10:59:06.826 CAN::Logger:181914,1,201,0,0,5,00,00,00,00,62
10:59:06.899 CAN::Logger:182014,0,301,0,0,3,F5,06,00
10:59:06.971 CAN::Logger:182104,1,401,0,0,8,3D,9C,00,00,47,00,00,00
10:59:07.043 CAN::Logger:182204,1,401,0,0,8,3D,9C,00,00,47,00,00,00
10:59:07.115 CAN::Logger:182254,0,301,0,0,3,43,0B,00
10:59:07.186 CAN::Logger:182354,0,300,0,0,8,03,5A,64,5A,32,00,32,BD
10:59:07.259 CAN::Logger:182454,0,300,0,0,8,03,5A,64,5A,32,00,32,BF
10:59:07.331 CAN::Logger:182554,1,206,0,0,8,00,00,00,00,00,00,00,00
10:59:07.402 CAN::Logger:182624,1,400,0,0,8,01,00,0C,00,00,00,00,00
10:59:07.876 CAN::Logger:182654,1,206,0,0,8,00,00,00,00,00,00,00,00
10:59:07.946 CAN::Logger:182654,1,202,0,0,8,E2,1D,00,00,33,99,05,00
10:59:08.019 CAN::Logger:182754,1,206,0,0,8,00,00,00,00,00,00,00,00
10:59:08.092 CAN::Logger:182834,1,203,0,0,8,00,00,00,00,00,00,00,00
10:59:08.163 CAN::Logger:182934,1,203,0,0,8,00,00,00,00,00,00,00,00
10:59:08.235 CAN::Logger:183024,1,400,0,0,8,01,00,0C,00,00,00,00,00
10:59:08.235 CAN::Logger:183114,1,201,0,0,5,00,00,00,00,62
10:59:08.379 CAN::Logger:183214,0,301,0,0,3,1D,0E,00
10:59:08.451 CAN::Logger:183314,0,300,0,0,8,03,5A,64,5A,32,00,32,70
10:59:08.523 CAN::Logger:183404,1,401,0,0,8,3D,9C,00,00,47,00,00,00
10:59:08.595 CAN::Logger:183504,1,401,0,0,8,3D,9C,00,00,47,00,00,00
10:59:08.667 CAN::Logger:183564,0,301,0,0,3,54,05,00
10:59:08.739 CAN::Logger:183644,1,204,0,0,8,00,00,00,00,00,00,00,00
10:59:08.811 CAN::Logger:183724,1,400,0,0,8,01,00,0C,00,00,00,00,00
10:59:08.883 CAN::Logger:183824,1,201,0,0,5,00,00,00,00,62
10:59:08.955 CAN::Logger:183924,1,201,0,0,5,00,00,00,00,62
10:59:09.026 CAN::Logger:184014,0,301,0,0,3,1D,0E,00
10:59:09.103 CAN::Logger:184104,1,401,0,0,8,3D,9C,00,00,47,00,00,00
10:59:09.577 CAN::Logger:184134,1,203,0,0,8,00,00,00,00,00,00,00,00
10:59:09.650 CAN::Logger:184154,1,206,0,0,8,00,00,00,00,00,00,00,00
10:59:09.722 CAN::Logger:184264,0,300,0,0,8,03,5A,64,5A,32,00,32,73
10:59:09.795 CAN::Logger:184354,1,206,0,0,8,00,00,00,00,00,00,00,00
10:59:09.866 CAN::Logger:184434,1,203,0,0,8,00,00,00,00,00,00,00,00
10:59:09.939 CAN::Logger:184534,1,203,0,0,8,00,00,00,00,00,00,00,00
10:59:10.010 CAN::Logger:184624,1,201,0,0,5,00,00,00,00,62
10:59:10.082 CAN::Logger:184664,1,666,0,0,8,52,08,05,00,52,95,36,02
10:59:10.155 CAN::Logger:184734,1,203,0,0,8,00,00,00,00,00,00,00,00
10:59:10.226 CAN::Logger:184834,1,203,0,0,8,00,00,00,00,00,00,00,00
10:59:10.299 CAN::Logger:184934,1,400,0,0,8,01,00,0C,00,00,00,00,00
10:59:10.371 CAN::Logger:185034,1,400,0,0,8,01,00,0C,00,00,00,00,00
10:59:10.443 CAN::Logger:185114,0,301,0,0,3,03,04,00
10:59:10.515 CAN::Logger:185214,1,401,0,0,8,3B,9C,00,00,46,00,00,00
10:59:10.587 CAN::Logger:185314,0,300,0,0,8,03,5A,64,5A,32,00,32,F8
10:59:10.659 CAN::Logger:185414,0,300,0,0,8,03,5A,64,5A,32,00,32,FA
10:59:10.731 CAN::Logger:185464,0,301,0,0,3,43,0B,00
10:59:10.803 CAN::Logger:185564,0,300,0,0,8,03,5A,64,5A,32,00,32,BD
10:59:10.875 CAN::Logger:185634,1,400,0,0,8,01,00,0C,00,00,00,00,00
10:59:10.946 CAN::Logger:185724,1,201,0,0,5,00,00,00,00,62
10:59:11.019 CAN::Logger:185814,1,401,0,0,8,3B,9C,00,00,47,00,00,00
10:59:11.496 CAN::Logger:185834,1,203,0,0,8,00,00,00,00,00,00,00,00
10:59:11.567 CAN::Logger:185834,1,400,0,0,8,01,00,0C,00,00,00,00,00
10:59:11.639 CAN::Logger:185934,1,400,0,0,8,01,00,0C,00,00,00,00,00
10:59:11.711 CAN::Logger:186034,1,203,0,0,8,00,00,00,00,00,00,00,00
10:59:11.782 CAN::Logger:186124,1,201,0,0,5,00,00,00,00,62
10:59:11.855 CAN::Logger:186214,1,401,0,0,8,3B,9C,00,00,47,00,00,00
10:59:11.967 CAN::Logger:186314,0,301,0,0,3,B5,0C,00
10:59:12.046 A,64,5A,32,00,32,70
10:59:12.127 CAN::Logger:186614,0,300,0,0,8,03,5A,64,5A,32,00,32,72
10:59:12.206 CAN::Logger:186664,0,301,0,0,3,96,03,00
10:59:12.287 CAN::Logger:186814,0,300,0,0,8,03,5A,64,5A,32,00,32,36
10:59:12.367 CAN::Logger:186914,0,301,0,0,3,80,08,00
10:59:12.447 CAN::Logger:187024,1,201,0,0,5,00,00,00,00,62
10:59:12.527 CAN::Logger:187124,1,201,0,0,5,00,00,00,00,62
10:59:12.607 CAN::Logger:187234,1,203,0,0,8,00,00,00,00,00,00,00,00
10:59:12.687 CAN::Logger:187334,1,400,0,0,8,01,00,0C,00,00,00,00,00
10:59:12.767 CAN::Logger:187454,1,206,0,0,8,00,00,00,00,00,00,00,00
10:59:12.847 CAN::Logger:187564,0,300,0,0,8,03,5A,64,5A,32,00,32,35
10:59:12.927 CAN::Logger:187654,1,206,0,0,8,00,00,00,00,00,00,00,00
