10:58:24.588 CAN::Logger:140444,1,206,0,0,8,00,00,00,00,00,00,00,00
10:58:24.593 CAN::Logger:140444,0,300,0,0,8,03,5A,64,5A,32,00,32,37
10:58:24.597 CAN::Logger:140444,0,301,0,0,3,B8,07,00
10:58:24.602 CAN::Logger:140494,1,403,0,0,8,64,00,00,00,40,E3,09,00
10:58:24.606 CAN::Logger:140494,0,300,0,0,8,03,5A,64,5A,32,00,32,F8
10:58:24.610 CAN::Logger:140494,0,301,0,0,3,80,08,00
10:58:24.614 CAN::Logger:140504,1,201,0,0,5,00,00,00,00,62
10:58:24.619 CAN::Logger:140514,1,401,0,0,8,3D,9C,00,00,47,00,00,00
10:58:24.624 CAN::Logger:140514,1,203,0,0,8,00,00,00,00,00,00,00,00
10:58:25.116 CAN::Logger:140534,1,400,0,0,8,01,00,0C,00,00,00,00,00
10:58:25.117 CAN::Logger:140544,1,206,0,0,8,00,00,00,00,00,00,00,00
10:58:25.119 CAN::Logger:140544,0,300,0,0,8,03,5A,64,5A,32,00,32,F9
10:58:25.122 CAN::Logger:140544,0,301,0,0,3,88,09,00
10:58:25.127 CAN::Logger:140594,0,300,0,0,8,03,5A,64,5A,32,00,32,FA
10:58:25.131 CAN::Logger:140594,0,301,0,0,3,C6,0A,00
10:58:25.135 CAN::Logger:140604,1,201,0,0,5,00,00,00,00,62
10:58:25.140 CAN::Logger:140614,1,401,0,0,8,3D,9C,00,00,47,00,00,00
10:58:25.145 CAN::Logger:140614,1,203,0,0,8,00,00,00,00,00,00,00,00
10:58:25.150 CAN::Logger:140634,1,400,0,0,8,01,00,0C,00,00,00,00,00
10:58:25.154 CAN::Logger:140634,1,204,0,0,8,00,00,00,00,00,00,00,00
10:58:25.160 CAN::Logger:140644,1,206,0,0,8,00,00,00,00,00,00,00,00
10:58:25.164 CAN::Logger:140644,1,202,0,0,8,E2,1D,00,00,33,99,05,00
10:58:25.169 CAN::Logger:140644,0,300,0,0,8,03,5A,64,5A,32,00,32,FB
10:58:25.172 CAN::Logger:140644,0,301,0,0,3,43,0B,00
10:58:25.178 CAN::Logger:140694,0,300,0,0,8,03,5A,64,5A,32,00,32,BC
10:58:25.182 CAN::Logger:140694,0,301,0,0,3,B5,0C,00
10:58:25.185 CAN::Logger:140704,1,201,0,0,5,00,00,00,00,62
10:58:25.190 CAN::Logger:140714,1,401,0,0,8,3D,9C,00,00,47,00,00,00
10:58:25.195 CAN::Logger:140714,1,203,0,0,8,00,00,00,00,00,00,00,00
10:58:25.201 CAN::Logger:140734,1,400,0,0,8,01,00,0C,00,00,00,00,00
10:58:25.205 CAN::Logger:140744,1,206,0,0,8,00,00,00,00,00,00,00,00
10:58:25.209 CAN::Logger:140744,0,300,0,0,8,03,5A,64,5A,32,00,32,BD
10:58:25.213 CAN::Logger:140744,0,301,0,0,3,4E,0D,00
10:58:25.218 CAN::Logger:140794,0,300,0,0,8,03,5A,64,5A,32,00,32,BE
10:58:25.221 CAN::Logger:140794,0,301,0,0,3,1D,0E,00
10:58:25.226 CAN::Logger:140804,1,201,0,0,5,00,00,00,00,62
10:58:25.230 CAN::Logger:140814,1,401,0,0,8,3D,9C,00,00,47,00,00,00
10:58:25.236 CAN::Logger:140814,1,203,0,0,8,00,00,00,00,00,00,00,00
10:58:25.240 CAN::Logger:140834,1,400,0,0,8,01,00,0C,00,00,00,00,00
10:58:25.246 CAN::Logger:140844,1,206,0,0,8,00,00,00,00,00,00,00,00
10:58:25.251 CAN::Logger:140844,0,300,0,0,8,03,5A,64,5A,32,00,32,BF
10:58:25.253 CAN::Logger:140844,0,301,0,0,3,E8,0F,00
10:58:25.259 CAN::Logger:140894,0,300,0,0,8,03,5A,64,5A,32,00,32,70
10:58:25.262 CAN::Logger:140894,0,301,0,0,3,E2,00,00
10:58:25.266 CAN::Logger:140904,1,201,0,0,5,00,00,00,00,62
10:58:25.271 CAN::Logger:140914,1,401,0,0,8,3D,9C,00,00,47,00,00,00
10:58:25.276 CAN::Logger:140914,1,203,0,0,8,00,00,00,00,00,00,00,00
10:58:25.280 CAN::Logger:140934,1,400,0,0,8,01,00,0C,00,00,00,00,00
10:58:25.285 CAN::Logger:140944,1,206,0,0,8,00,00,00,00,00,00,00,00
10:58:25.290 CAN::Logger:140944,0,300,0,0,8,03,5A,64,5A,32,00,32,71
10:58:25.294 CAN::Logger:140944,0,301,0,0,3,B3,01,00
10:58:25.298 CAN::Logger:140994,1,402,0,0,8,4E,00,00,00,F8,AB,07,00
10:58:25.303 CAN::Logger:140994,0,300,0,0,8,03,5A,64,5A,32,00,32,72
10:58:25.307 CAN::Logger:140994,0,301,0,0,3,6B,02,00
10:58:25.311 CAN::Logger:141004,1,201,0,0,5,00,00,00,00,62
10:58:25.317 CAN::Logger:141014,1,401,0,0,8,3D,9C,00,00,47,00,00,00
10:58:25.322 CAN::Logger:141014,1,203,0,0,8,00,00,00,00,00,00,00,00
10:58:25.326 CAN::Logger:141034,1,400,0,0,8,01,00,0C,00,00,00,00,00
10:58:25.329 CAN::Logger:141034,0,404,0,0,2,4A,00
10:58:25.335 CAN::Logger:141034,1,405,0,0,8,4A,00,00,00,06,00,00,00
10:58:25.339 CAN::Logger:141044,1,206,0,0,8,00,00,00,00,00,00,00,00
10:58:25.344 CAN::Logger:141044,0,300,0,0,8,03,5A,64,5A,32,00,32,73
10:58:25.348 CAN::Logger:141044,0,301,0,0,3,96,03,00
10:58:25.350 CAN::Logger:141064,0,404,0,0,2,02,30
10:58:25.355 CAN::Logger:141064,1,405,0,0,7,02,48,00,00,00,00,00
10:58:25.359 CAN::Logger:141094,0,404,0,0,2,44,00
10:58:25.362 CAN::Logger:141094,1,405,0,0,6,44,00,00,00,50,46
10:58:25.368 CAN::Logger:141094,0,300,0,0,8,03,5A,64,5A,32,00,32,34
10:58:25.371 CAN::Logger:141094,0,301,0,0,3,03,04,00
10:58:25.375 CAN::Logger:141104,1,201,0,0,5,00,00,00,00,62
10:58:25.380 CAN::Logger:141114,1,401,0,0,8,3D,9C,00,00,47,00,00,00
10:58:25.385 CAN::Logger:141124,1,203,0,0,8,00,00,00,00,00,00,00,00
10:58:25.389 CAN::Logger:141124,0,404,0,0,2,01,00
10:58:25.394 CAN::Logger:141124,1,405,0,0,8,01,00,00,00,00,04,06,04
10:58:25.398 CAN::Logger:141134,1,400,0,0,8,01,00,0C,00,00,00,00,00
10:58:25.403 CAN::Logger:141144,1,206,0,0,8,00,00,00,00,00,00,00,00
10:58:25.408 CAN::Logger:141144,0,300,0,0,8,03,5A,64,5A,32,00,32,35
10:58:25.411 CAN::Logger:141144,0,301,0,0,3,54,05,00
10:58:25.415 CAN::Logger:141154,0,404,0,0,2,A3,01
10:58:25.419 CAN::Logger:141154,1,405,0,0,5,A3,01,00,00,06
10:58:25.422 CAN::Logger:141184,0,404,0,0,2,20,00
10:58:25.428 CAN::Logger:141184,1,405,0,0,8,20,00,00,00,32,33,36,47
10:58:25.432 CAN::Logger:141194,0,300,0,0,8,03,5A,64,5A,32,00,32,36
10:58:25.436 CAN::Logger:141194,0,301,0,0,3,F5,06,00
10:58:25.439 CAN::Logger:141204,1,201,0,0,5,00,00,00,00,62
10:58:25.444 CAN::Logger:141214,1,401,0,0,8,3D,9C,00,00,47,00,00,00
10:58:25.449 CAN::Logger:141224,1,203,0,0,8,00,00,00,00,00,00,00,00
10:58:25.452 CAN::Logger:141224,0,404,0,0,2,21,00
10:58:25.458 CAN::Logger:141224,1,405,0,0,8,21,00,00,00,35,4C,41,31
10:58:25.462 CAN::Logger:141234,1,400,0,0,8,01,00,0C,00,00,00,00,00
10:58:25.467 CAN::Logger:141244,1,206,0,0,8,00,00,00,00,00,00,00,00
10:58:25.472 CAN::Logger:141244,0,300,0,0,8,03,5A,64,5A,32,00,32,37
10:58:25.475 CAN::Logger:141244,0,301,0,0,3,B8,07,00
10:58:25.478 CAN::Logger:141244,0,404,0,0,2,22,00
10:58:25.483 CAN::Logger:141244,1,405,0,0,8,22,00,00,00,30,30,34,52
10:58:25.487 CAN::Logger:141284,0,404,0,0,2,23,00
10:58:25.492 CAN::Logger:141284,1,405,0,0,8,23,00,00,00,4D,30,30,30
10:58:25.497 CAN::Logger:141294,0,300,0,0,8,03,5A,64,5A,32,00,32,F8
10:58:25.500 CAN::Logger:141294,0,301,0,0,3,80,08,00
10:58:25.504 CAN::Logger:141304,1,201,0,0,5,00,00,00,00,62
10:58:25.507 CAN::Logger:141314,0,404,0,0,2,24,00
10:58:25.512 CAN::Logger:141314,1,401,0,0,8,3D,9C,00,00,47,00,00,00
10:58:25.518 CAN::Logger:141314,1,405,0,0,8,24,00,00,00,30,30,30,30
10:58:25.523 CAN::Logger:141324,1,203,0,0,8,00,00,00,00,00,00,00,00
10:58:25.527 CAN::Logger:141334,1,400,0,0,8,01,00,0C,00,00,00,00,00
10:58:25.530 CAN::Logger:141344,0,404,0,0,2,25,00
10:58:25.536 CAN::Logger:141344,1,405,0,0,8,25,00,00,00,30,30,30,30
10:58:25.540 CAN::Logger:141344,1,206,0,0,8,00,00,00,00,00,00,00,00
10:58:25.545 CAN::Logger:141344,0,300,0,0,8,03,5A,64,5A,32,00,32,F9
10:58:25.548 CAN::Logger:141344,0,301,0,0,3,88,09,00
10:58:26.045 CAN::Logger:141374,0,404,0,0,2,26,00
10:58:26.047 CAN::Logger:141374,1,405,0,0,8,26,00,00,00,30,30,30,30
10:58:26.047 CAN::Logger:141394,0,300,0,0,8,03,5A,64,5A,32,00,32,FA
10:58:26.051 CAN::Logger:141394,0,301,0,0,3,C6,0A,00
10:58:26.054 CAN::Logger:141404,0,404,0,0,2,27,00
10:58:26.058 CAN::Logger:141404,1,405,0,0,6,27,00,00,00,30,30
10:58:26.063 CAN::Logger:141404,1,201,0,0,5,00,00,00,00,62
10:58:26.067 CAN::Logger:141414,1,401,0,0,8,3D,9C,00,00,47,00,00,00
10:58:26.073 CAN::Logger:141424,1,203,0,0,8,00,00,00,00,00,00,00,00
10:58:26.078 CAN::Logger:141434,1,400,0,0,8,01,00,0C,00,00,00,00,00
10:58:26.080 CAN::Logger:141434,0,404,0,0,2,4C,00
10:58:26.085 CAN::Logger:141434,1,405,0,0,8,4C,00,00,00,01,24,00,00
10:58:26.091 CAN::Logger:141444,1,206,0,0,8,00,00,00,00,00,00,00,00
10:58:26.096 CAN::Logger:141444,0,300,0,0,8,03,5A,64,5A,32,00,32,FB
10:58:26.098 CAN::Logger:141444,0,301,0,0,3,43,0B,00
10:58:26.103 CAN::Logger:141464,0,404,0,0,2,46,00
10:58:26.106 CAN::Logger:141464,1,405,0,0,5,46,00,00,00,00
10:58:26.112 CAN::Logger:141494,1,403,0,0,8,64,00,00,00,40,E3,09,00
10:58:26.116 CAN::Logger:141494,0,300,0,0,8,03,5A,64,5A,32,00,32,BC
10:58:26.120 CAN::Logger:141494,0,301,0,0,3,B5,0C,00
10:58:26.139 CAN::Logger:141494,0,404,0,0,2,4D,00
10:58:26.155 CAN::Logger:141494,1,405,0,0,8,4D,00,00,00,00,00,00,00
10:58:26.171 CAN::Logger:141504,1,201,0,0,5,00,00,00,00,62
10:58:26.187 CAN::Logger:141514,1,401,0,0,8,3D,9C,00,00,47,00,00,00
10:58:26.202 CAN::Logger:141524,1,203,0,0,8,00,00,00,00,00,00,00,00
10:58:26.218 CAN::Logger:141534,1,400,0,0,8,01,00,0C,00,00,00,00,00
10:58:26.235 CAN::Logger:141534,0,404,0,0,2,50,00
10:58:26.250 CAN::Logger:141534,1,405,0,0,8,50,00,00,00,EE,00,F0,00
10:58:26.267 CAN::Logger:141544,1,206,0,0,8,00,00,00,00,00,00,00,00
10:58:26.283 CAN::Logger:141544,0,300,0,0,8,03,5A,64,5A,32,00,32,BD
10:58:26.299 CAN::Logger:141544,0,301,0,0,3,4E,0D,00
10:58:26.314 CAN::Logger:141564,0,404,0,0,2,02,00
10:58:26.330 CAN::Logger:141564,1,405,0,0,8,02,00,00,00,53,49,43,54
10:58:26.346 CAN::Logger:141594,0,404,0,0,2,0A,00
10:58:26.362 CAN::Logger:141594,1,405,0,0,8,0A,00,00,00,30,3A,00,00
10:58:26.378 CAN::Logger:141594,0,300,0,0,8,03,5A,64,5A,32,00,32,BE
10:58:26.394 CAN::Logger:141594,0,301,0,0,3,1D,0E,00
10:58:26.410 CAN::Logger:141604,1,201,0,0,5,00,00,00,00,62
10:58:26.427 CAN::Logger:141614,1,401,0,0,8,3D,9C,00,00,47,00,00,00
10:58:26.442 CAN::Logger:141624,1,203,0,0,8,00,00,00,00,00,00,00,00
10:58:26.459 CAN::Logger:141624,0,404,0,0,2,04,00
10:58:26.474 CAN::Logger:141624,1,405,0,0,7,04,0,00,00,16,09,02
10:58:26.491 CAN::Logger:141634,1,204,0,0,8,00,00,00,00,00,00,00,00
10:58:26.506 CAN::Logger:141634,1,400,0,0,8,01,00,0C,00,00,00,00,00
10:58:26.523 CAN::Logger:141644,1,206,0,0,8,00,00,00,00,00,00,00,00
10:58:26.538 CAN::Logger:141644,1,202,0,0,8,E2,1C,00,00,33,99,05,00
10:58:26.554 CAN::Logger:141644,0,300,0,0,8,03,5A,64,5A,32,00,32,BF
10:58:26.570 CAN::Logger:141644,0,301,0,0,3,E8,0F,00
10:58:26.586 CAN::Logger:141654,0,404,0,0,2,B0,01
10:58:26.602 CAN::Logger:141654,1,405,0,0,6,B0,01,00,00,00,00
10:58:26.618 CAN::Logger:141694,0,404,0,0,2,B1,01
10:58:26.627 CAN::Logger:141694,1,405,0,0,6,B1,01,00,00,00,00
10:58:26.627 CAN::Logger:141694,0,300,0,0,8,03,5A,64,5A,32,00,32,70
10:58:26.628 CAN::Logger:141694,0,301,0,0,3,E2,00,00
10:58:26.628 CAN::Logger:141704,1,201,0,0,5,00,00,00,00,62
10:58:26.629 CAN::Logger:141714,1,401,0,0,8,3D,9C,00,00,47,00,00,00
10:58:26.633 CAN::Logger:141724,1,203,0,0,8,00,00,00,00,00,00,00,00
10:58:26.638 CAN::Logger:141734,1,400,0,0,8,01,00,0C,00,00,00,00,00
10:58:26.644 CAN::Logger:141744,1,206,0,0,8,00,00,00,00,00,00,00,00
10:58:26.648 CAN::Logger:141744,0,300,0,0,8,03,5A,64,5A,32,00,32,71
10:58:26.651 CAN::Logger:141744,0,301,0,0,3,B3,01,00
10:58:26.656 CAN::Logger:141794,0,300,0,0,8,03,5A,64,5A,32,00,32,72
10:58:26.660 CAN::Logger:141794,0,301,0,0,3,6B,02,00
10:58:26.664 CAN::Logger:141804,1,201,0,0,5,00,00,00,00,62
10:58:26.669 CAN::Logger:141814,1,401,0,0,8,3D,9C,00,00,47,00,00,00
10:58:26.675 CAN::Logger:141824,1,203,0,0,8,00,00,00,00,00,00,00,00
10:58:26.679 CAN::Logger:141834,1,400,0,0,8,01,00,0C,00,00,00,00,00
10:58:26.683 CAN::Logger:141844,1,206,0,0,8,00,00,00,00,00,00,00,00
10:58:26.689 CAN::Logger:141844,0,300,0,0,8,03,5A,64,5A,32,00,32,73
10:58:26.692 CAN::Logger:141844,0,301,0,0,3,96,03,00
10:58:26.697 CAN::Logger:141894,0,300,0,0,8,03,5A,64,5A,32,00,32,34
10:58:26.700 CAN::Logger:141894,0,301,0,0,3,03,04,00
10:58:26.704 CAN::Logger:141904,1,201,0,0,5,00,00,00,00,62
10:58:26.709 CAN::Logger:141914,1,401,0,0,8,3D,9C,00,00,47,00,00,00
10:58:26.715 CAN::Logger:141924,1,203,0,0,8,00,00,00,00,00,00,00,00
10:58:26.719 CAN::Logger:141934,1,400,0,0,8,01,00,0C,00,00,00,00,00
10:58:26.724 CAN::Logger:141944,1,206,0,0,8,00,00,00,00,00,00,00,00
10:58:26.729 CAN::Logger:141944,0,300,0,0,8,03,5A,64,5A,32,00,32,35
10:58:26.732 CAN::Logger:141944,0,301,0,0,3,54,05,00
10:58:26.738 CAN::Logger:141994,1,402,0,0,8,4E,00,00,00,F8,AB,07,00
10:58:26.742 CAN::Logger:141994,0,300,0,0,8,03,5A,64,5A,32,00,32,36
10:58:26.745 CAN::Logger:141994,0,301,0,0,3,F5,06,00
10:58:26.750 CAN::Logger:142004,1,201,0,0,5,00,00,00,00,62
10:58:26.755 CAN::Logger:142014,1,401,0,0,8,3D,9C,00,00,47,00,00,00
10:58:26.759 CAN::Logger:142024,1,203,0,0,8,00,00,00,00,00,00,00,00
10:58:26.765 CAN::Logger:142034,1,400,0,0,8,01,00,0C,00,00,00,00,00
10:58:26.769 CAN::Logger:142044,1,206,0,0,8,00,00,00,00,00,00,00,00
10:58:26.775 CAN::Logger:142044,0,300,0,0,8,03,5A,64,5A,32,00,32,37
10:58:26.777 CAN::Logger:142044,0,301,0,0,3,B8,07,00
10:58:26.782 CAN::Logger:142094,0,300,0,0,8,03,5A,64,5A,32,00,32,F8
10:58:26.786 CAN::Logger:142094,0,301,0,0,3,80,08,00
10:58:26.791 CAN::Logger:142104,1,201,0,0,5,00,00,00,00,62
10:58:26.795 CAN::Logger:142114,1,401,0,0,8,3D,9C,00,00,46,00,00,00
10:58:26.800 CAN::Logger:142124,1,203,0,0,8,00,00,00,00,00,00,00,00
10:58:26.804 CAN::Logger:142134,1,400,0,0,8,01,00,0C,00,00,00,00,00
10:58:26.810 CAN::Logger:142144,1,206,0,0,8,00,00,00,00,00,00,00,00
10:58:26.814 CAN::Logger:142144,0,300,0,0,8,03,5A,64,5A,32,00,32,F9
10:58:26.819 CAN::Logger:142144,0,301,0,0,3,88,09,00
10:58:26.823 CAN::Logger:142194,0,300,0,0,8,03,5A,64,5A,32,00,32,FA
10:58:26.826 CAN::Logger:142194,0,301,0,0,3,C6,0A,00
10:58:26.831 CAN::Logger:142204,1,201,0,0,5,00,00,00,00,62
10:58:26.836 CAN::Logger:142214,1,401,0,0,8,3D,9C,00,00,46,00,00,00
10:58:26.841 CAN::Logger:142224,1,203,0,0,8,00,00,00,00,00,00,00,00
10:58:26.846 CAN::Logger:142234,1,400,0,0,8,01,00,0C,00,00,00,00,00
10:58:26.850 CAN::Logger:142244,1,206,0,0,8,00,00,00,00,00,00,00,00
10:58:26.854 CAN::Logger:142244,0,300,0,0,8,03,5A,64,5A,32,00,32,FB
10:58:26.858 CAN::Logger:142244,0,301,0,0,3,43,0B,00
10:58:26.863 CAN::Logger:142294,0,300,0,0,8,03,5A,64,5A,32,00,32,BC
10:58:26.867 CAN::Logger:142294,0,301,0,0,3,B5,0C,00
10:58:27.366 CAN::Logger:142304,1,201,0,0,5,00,00,00,00,62
10:58:27.366 CAN::Logger:142314,1,401,0,0,8,40,9C,00,00,46,00,00,00
10:58:27.368 CAN::Logger:142324,1,203,0,0,8,00,00,00,00,00,00,00,00
10:58:27.373 CAN::Logger:142334,1,400,0,0,8,01,00,0C,00,00,00,00,00
10:58:27.378 CAN::Logger:142344,1,206,0,0,8,00,00,00,00,00,00,00,00
10:58:27.383 CAN::Logger:142344,0,300,0,0,8,03,5A,64,5A,32,00,32,BD
10:58:27.386 CAN::Logger:142344,0,301,0,0,3,4E,0D,00
10:58:27.391 CAN::Logger:142394,0,300,0,0,8,03,5A,64,5A,32,00,32,BE
10:58:27.395 CAN::Logger:142394,0,301,0,0,3,1D,0E,00
10:58:27.400 CAN::Logger:142404,1,201,0,0,5,00,00,00,00,62
10:58:27.404 CAN::Logger:142414,1,401,0,0,8,40,9C,00,00,46,00,00,00
10:58:27.408 CAN::Logger:142424,1,203,0,0,8,00,00,00,00,00,00,00,00
10:58:27.413 CAN::Logger:142434,1,400,0,0,8,01,00,0C,00,00,00,00,00
10:58:27.418 CAN::Logger:142444,1,206,0,0,8,00,00,00,00,00,00,00,00
10:58:27.424 CAN::Logger:142444,0,300,0,0,8,03,5A,64,5A,32,00,32,BF
10:58:27.427 CAN::Logger:142444,0,301,0,0,3,E8,0F,00
10:58:27.433 CAN::Logger:142494,1,403,0,0,8,64,00,00,00,40,E3,09,00
10:58:27.436 CAN::Logger:142494,0,300,0,0,8,03,5A,64,5A,32,00,32,70
10:58:27.441 CAN::Logger:142494,0,301,0,0,3,E2,00,00
10:58:27.444 CAN::Logger:142504,1,201,0,0,5,00,00,00,00,62
10:58:27.449 CAN::Logger:142514,1,401,0,0,8,3B,9C,00,00,46,00,00,00
10:58:27.454 CAN::Logger:142524,1,203,0,0,8,00,00,00,00,00,00,00,00
10:58:27.459 CAN::Logger:142534,1,400,0,0,8,01,00,0C,00,00,00,00,00
10:58:27.464 CAN::Logger:142544,1,206,0,0,8,00,00,00,00,00,00,00,00
10:58:27.469 CAN::Logger:142544,0,300,0,0,8,03,5A,64,5A,32,00,32,71
10:58:27.472 CAN::Logger:142544,0,301,0,0,3,B3,01,00
10:58:27.478 CAN::Logger:142594,0,300,0,0,8,03,5A,64,5A,32,00,32,72
10:58:27.481 CAN::Logger:142594,0,301,0,0,3,6B,02,00
10:58:27.484 CAN::Logger:142604,1,201,0,0,5,00,00,00,00,62
10:58:27.489 CAN::Logger:142614,1,401,0,0,8,3B,9C,00,00,47,00,00,00
10:58:27.494 CAN::Logger:142624,1,203,0,0,8,00,00,00,00,00,00,00,00
10:58:27.500 CAN::Logger:142634,1,204,0,0,8,00,00,00,00,00,00,00,00
10:58:27.505 CAN::Logger:142634,1,400,0,0,8,01,00,0C,00,00,00,00,00
10:58:27.509 CAN::Logger:142644,1,206,0,0,8,00,00,00,00,00,00,00,00
10:58:27.513 CAN::Logger:142644,1,202,0,0,8,E2,1E,00,00,33,99,05,00
10:58:27.518 CAN::Logger:142644,0,300,0,0,8,03,5A,64,5A,32,00,32,73
10:58:27.522 CAN::Logger:142644,0,301,0,0,3,96,03,00
10:58:27.527 CAN::Logger:142654,1,666,0,0,8,52,08,05,00,52,95,36,02
10:58:27.532 CAN::Logger:142664,1,665,0,0,8,00,00,00,53,4C,18,53,00
10:58:27.536 CAN::Logger:142684,1,200,0,0,8,4E,00,F8,AB,07,00,01,00
10:58:27.541 CAN::Logger:142694,0,300,0,0,8,03,5A,64,5A,32,00,32,34
10:58:27.546 CAN::Logger:142694,0,301,0,0,3,03,04,00
10:58:27.549 CAN::Logger:142704,1,201,0,0,5,00,00,00,00,62
10:58:27.554 CAN::Logger:142714,1,401,0,0,8,3B,9C,00,00,47,00,00,00
10:58:27.559 CAN::Logger:142724,1,203,0,0,8,00,00,00,00,00,00,00,00
10:58:27.564 CAN::Logger:142734,1,400,0,0,8,01,00,0C,00,00,00,00,00
10:58:27.568 CAN::Logger:142744,1,206,0,0,8,00,00,00,00,00,00,00,00
10:58:27.574 CAN::Logger:142744,0,300,0,0,8,03,5A,64,5A,32,00,32,35
10:58:27.577 CAN::Logger:142744,0,301,0,0,3,54,05,00
10:58:27.582 CAN::Logger:142794,0,300,0,0,8,03,5A,64,5A,32,00,32,36
10:58:27.586 CAN::Logger:142794,0,301,0,0,3,F5,06,00
10:58:27.589 CAN::Logger:142804,1,201,0,0,5,00,00,00,00,62
10:58:27.594 CAN::Logger:142814,1,401,0,0,8,3B,9C,00,00,46,00,00,00
10:58:27.599 CAN::Logger:142824,1,203,0,0,8,00,00,00,00,00,00,00,00
10:58:27.604 CAN::Logger:142834,1,400,0,0,8,01,00,0C,00,00,00,00,00
10:58:27.609 CAN::Logger:142844,1,206,0,0,8,00,00,00,00,00,00,00,00
10:58:27.614 CAN::Logger:142844,0,300,0,0,8,03,5A,64,5A,32,00,32,37
10:58:27.617 CAN::Logger:142844,0,301,0,0,3,B8,07,00
10:58:27.622 CAN::Logger:142894,0,300,0,0,8,03,5A,64,5A,32,00,32,F8
10:58:27.626 CAN::Logger:142894,0,301,0,0,3,80,08,00
10:58:27.631 CAN::Logger:142904,1,201,0,0,5,00,00,00,00,62
10:58:27.635 CAN::Logger:142914,1,401,0,0,8,3B,9C,00,00,46,00,00,00
10:58:27.639 CAN::Logger:142924,1,203,0,0,8,00,00,00,00,00,00,00,00
10:58:27.644 CAN::Logger:142934,1,400,0,0,8,01,00,0C,00,00,00,00,00
10:58:27.649 CAN::Logger:142944,1,206,0,0,8,00,00,00,00,00,00,00,00
10:58:27.654 CAN::Logger:142944,0,300,0,0,8,03,5A,64,5A,32,00,32,F9
10:58:27.657 CAN::Logger:142944,0,301,0,0,3,88,09,00
10:58:27.663 CAN::Logger:142994,1,402,0,0,8,4E,00,00,00,F8,AB,07,00
10:58:27.667 CAN::Logger:142994,0,300,0,0,8,03,5A,64,5A,32,00,32,FA
10:58:27.672 CAN::Logger:142994,0,301,0,0,3,C6,0A,00
10:58:27.675 CAN::Logger:143004,1,201,0,0,5,00,00,00,00,62
10:58:27.680 CAN::Logger:143014,1,401,0,0,8,3D,9C,00,00,46,00,00,00
10:58:27.685 CAN::Logger:143024,1,203,0,0,8,00,00,00,00,00,00,00,00
10:58:27.690 CAN::Logger:143034,1,400,0,0,8,01,00,0C,00,00,00,00,00
10:58:27.695 CAN::Logger:143044,1,206,0,0,8,00,00,00,00,00,00,00,00
10:58:27.699 CAN::Logger:143044,0,300,0,0,8,03,5A,64,5A,32,00,32,FB
10:58:27.703 CAN::Logger:143044,0,301,0,0,3,43,0B,00
10:58:27.708 CAN::Logger:143094,0,300,0,0,8,03,5A,64,5A,32,00,32,BC
10:58:27.711 CAN::Logger:143094,0,301,0,0,3,B5,0C,00
10:58:27.715 CAN::Logger:143104,1,201,0,0,5,00,00,00,00,62
10:58:27.721 CAN::Logger:143114,1,401,0,0,8,3D,9C,00,00,46,00,00,00
10:58:27.725 CAN::Logger:143124,1,203,0,0,8,00,00,00,00,00,00,00,00
10:58:27.730 CAN::Logger:143134,1,400,0,0,8,01,00,0C,00,00,00,00,00
10:58:27.736 CAN::Logger:143144,1,206,0,0,8,00,00,00,00,00,00,00,00
10:58:27.740 CAN::Logger:143144,0,300,0,0,8,03,5A,64,5A,32,00,32,BD
10:58:27.743 CAN::Logger:143144,0,301,0,0,3,4E,0D,00
10:58:27.748 CAN::Logger:143194,0,300,0,0,8,03,5A,64,5A,32,00,32,BE
10:58:27.751 CAN::Logger:143194,0,301,0,0,3,1D,0E,00
10:58:27.756 CAN::Logger:143204,1,201,0,0,5,00,00,00,00,62
10:58:27.761 CAN::Logger:143214,1,401,0,0,8,3D,9C,00,00,46,00,00,00
10:58:27.765 CAN::Logger:143224,1,203,0,0,8,00,00,00,00,00,00,00,00
10:58:27.770 CAN::Logger:143234,1,400,0,0,8,01,00,0C,00,00,00,00,00
10:58:27.776 CAN::Logger:143244,1,206,0,0,8,00,00,00,00,00,00,00,00
10:58:27.781 CAN::Logger:143244,0,300,0,0,8,03,5A,64,5A,32,00,32,BF
10:58:27.784 CAN::Logger:143244,0,301,0,0,3,E8,0F,00
10:58:27.788 CAN::Logger:143294,0,300,0,0,8,03,5A,64,5A,32,00,32,70
10:58:27.792 CAN::Logger:143294,0,301,0,0,3,E2,00,00
10:58:27.797 CAN::Logger:143304,1,201,0,0,5,00,00,00,00,62
10:58:27.801 CAN::Logger:143314,1,401,0,0,8,3D,9C,00,00,47,00,00,00
10:58:27.806 CAN::Logger:143324,1,203,0,0,8,00,00,00,00,00,00,00,00
10:58:27.811 CAN::Logger:143334,1,400,0,0,8,01,00,0C,00,00,00,00,00
10:58:27.816 CAN::Logger:143344,1,206,0,0,8,00,00,00,00,00,00,00,00
10:58:27.820 CAN::Logger:143344,0,300,0,0,8,03,5A,64,5A,32,00,32,71
10:58:27.825 CAN::Logger:143344,0,301,0,0,3,B3,01,00
10:58:27.830 CAN::Logger:143394,0,300,0,0,8,03,5A,64,5A,32,00,32,72
10:58:27.832 CAN::Logger:143394,0,301,0,0,3,6B,02,00
10:58:27.837 CAN::Logger:143404,1,201,0,0,5,00,00,00,00,62
10:58:27.841 CAN::Logger:143414,1,401,0,0,8,3D,9C,00,00,47,00,00,00
10:58:27.846 CAN::Logger:143424,1,203,0,0,8,00,00,00,00,00,00,00,00
10:58:27.852 CAN::Logger:143434,1,400,0,0,8,01,00,0C,00,00,00,00,00
10:58:27.857 CAN::Logger:143444,1,206,0,0,8,00,00,00,00,00,00,00,00
10:58:27.861 CAN::Logger:143444,0,300,0,0,8,03,5A,64,5A,32,00,32,73
10:58:27.864 CAN::Logger:143444,0,301,0,0,3,96,03,00
10:58:27.869 CAN::Logger:143494,0,300,0,0,8,03,5A,64,5A,32,00,32,34
10:58:27.873 CAN::Logger:143494,0,301,0,0,3,03,04,00
10:58:27.877 CAN::Logger:143494,1,403,0,0,8,64,00,00,00,40,E3,09,00
10:58:27.882 CAN::Logger:143504,1,201,0,0,5,00,00,00,00,62
10:58:27.886 CAN::Logger:143514,1,401,0,0,8,3B,9C,00,00,47,00,00,00
10:58:27.892 CAN::Logger:143524,1,203,0,0,8,00,00,00,00,00,00,00,00
10:58:27.896 CAN::Logger:143534,1,400,0,0,8,01,00,0C,00,00,00,00,00
10:58:27.902 CAN::Logger:143544,1,206,0,0,8,00,00,00,00,00,00,00,00
10:58:27.907 CAN::Logger:143544,0,300,0,0,8,03,5A,64,5A,32,00,32,35
10:58:27.910 CAN::Logger:143544,0,301,0,0,3,54,05,00
10:58:27.914 CAN::Logger:143594,0,300,0,0,8,03,5A,64,5A,32,00,32,36
10:58:27.919 CAN::Logger:143594,0,301,0,0,3,F5,06,00
10:58:27.923 CAN::Logger:143604,1,201,0,0,5,00,00,00,00,62
10:58:27.928 CAN::Logger:143614,1,401,0,0,8,3B,9C,00,00,47,00,00,00
10:58:28.426 CAN::Logger:143624,1,203,0,0,8,00,00,00,00,00,00,00,00
10:58:28.426 CAN::Logger:143634,1,204,0,0,8,00,00,00,00,00,00,00,00
10:58:28.429 CAN::Logger:143634,1,400,0,0,8,01,00,0C,00,00,00,00,00
10:58:28.434 CAN::Logger:143644,1,206,0,0,8,00,00,00,00,00,00,00,00
10:58:28.439 CAN::Logger:143644,1,202,0,0,8,E2,1C,00,00,33,99,05,00
10:58:28.443 CAN::Logger:143644,0,300,0,0,8,03,5A,64,5A,32,00,32,37
10:58:28.447 CAN::Logger:143644,0,301,0,0,3,B8,07,00
10:58:28.452 CAN::Logger:143694,0,300,0,0,8,03,5A,64,5A,32,00,32,F8
10:58:28.455 CAN::Logger:143694,0,301,0,0,3,80,08,00
10:58:28.460 CAN::Logger:143704,1,201,0,0,5,00,00,00,00,62
10:58:28.465 CAN::Logger:143714,1,401,0,0,8,3B,9C,00,00,47,00,00,00
10:58:28.469 CAN::Logger:143724,1,203,0,0,8,00,00,00,00,00,00,00,00
10:58:28.475 CAN::Logger:143734,1,400,0,0,8,01,00,0C,00,00,00,00,00
10:58:28.479 CAN::Logger:143744,1,206,0,0,8,00,00,00,00,00,00,00,00
10:58:28.485 CAN::Logger:143744,0,300,0,0,8,03,5A,64,5A,32,00,32,F9
10:58:28.487 CAN::Logger:143744,0,301,0,0,3,88,09,00
10:58:28.492 CAN::Logger:143794,0,300,0,0,8,03,5A,64,5A,32,00,32,FA
10:58:28.496 CAN::Logger:143794,0,301,0,0,3,C6,0A,00
10:58:28.500 CAN::Logger:143804,1,201,0,0,5,00,00,00,00,62
10:58:28.505 CAN::Logger:143814,1,401,0,0,8,3D,9C,00,00,47,00,00,00
10:58:28.510 CAN::Logger:143824,1,203,0,0,8,00,00,00,00,00,00,00,00
10:58:28.514 CAN::Logger:143834,1,400,0,0,8,01,00,0C,00,00,00,00,00
10:58:28.520 CAN::Logger:143844,1,206,0,0,8,00,00,00,00,00,00,00,00
10:58:28.525 CAN::Logger:143844,0,300,0,0,8,03,5A,64,5A,32,00,32,FB
10:58:28.528 CAN::Logger:143844,0,301,0,0,3,43,0B,00
10:58:28.533 CAN::Logger:143894,0,300,0,0,8,03,5A,64,5A,32,00,32,BC
10:58:28.536 CAN::Logger:143894,0,301,0,0,3,B5,0C,00
10:58:28.540 CAN::Logger:143904,1,201,0,0,5,00,00,00,00,62
10:58:28.545 CAN::Logger:143914,1,401,0,0,8,3D,9C,00,00,47,00,00,00
10:58:28.550 CAN::Logger:143924,1,203,0,0,8,00,00,00,00,00,00,00,00
10:58:28.556 CAN::Logger:143934,1,400,0,0,8,01,00,0C,00,00,00,00,00
10:58:28.561 CAN::Logger:143944,1,206,0,0,8,00,00,00,00,00,00,00,00
10:58:28.565 CAN::Logger:143944,0,300,0,0,8,03,5A,64,5A,32,00,32,BD
10:58:28.569 CAN::Logger:143944,0,301,0,0,3,4E,0D,00
10:58:28.573 CAN::Logger:143994,0,300,0,0,8,03,5A,64,5A,32,00,32,BE
10:58:28.576 CAN::Logger:143994,0,301,0,0,3,1D,0E,00
10:58:28.582 CAN::Logger:143994,1,402,0,0,8,4E,00,00,00,F8,AB,07,00
10:58:28.585 CAN::Logger:144004,1,201,0,0,5,00,00,00,00,62
10:58:28.591 CAN::Logger:144014,1,401,0,0,8,40,9C,00,00,47,00,00,00
10:58:28.595 CAN::Logger:144024,1,203,0,0,8,00,00,00,00,00,00,00,00
10:58:28.601 CAN::Logger:144034,1,400,0,0,8,01,00,0C,00,00,00,00,00
10:58:28.606 CAN::Logger:144044,1,206,0,0,8,00,00,00,00,00,00,00,00
10:58:28.610 CAN::Logger:144044,0,300,0,0,8,03,5A,64,5A,32,00,32,BF
10:58:28.613 CAN::Logger:144044,0,301,0,0,3,E8,0F,00
10:58:28.619 CAN::Logger:144094,0,300,0,0,8,03,5A,64,5A,32,00,32,70
10:58:28.623 CAN::Logger:144094,0,301,0,0,3,E2,00,00
10:58:28.627 CAN::Logger:144104,1,201,0,0,5,00,00,00,00,62
10:58:28.631 CAN::Logger:144114,1,401,0,0,8,40,9C,00,00,47,00,00,00
10:58:28.636 CAN::Logger:144124,1,203,0,0,8,00,00,00,00,00,00,00,00
10:58:28.640 CAN::Logger:144134,1,400,0,0,8,01,00,0C,00,00,00,00,00
10:58:28.645 CAN::Logger:144144,1,206,0,0,8,00,00,00,00,00,00,00,00
10:58:28.650 CAN::Logger:144144,0,300,0,0,8,03,5A,64,5A,32,00,32,71
10:58:28.655 CAN::Logger:144144,0,301,0,0,3,B3,01,00
10:58:28.660 CAN::Logger:144194,0,300,0,0,8,03,5A,64,5A,32,00,32,72
10:58:28.662 CAN::Logger:144194,0,301,0,0,3,6B,02,00
10:58:28.667 CAN::Logger:144204,1,201,0,0,5,00,00,00,00,62
10:58:28.671 CAN::Logger:144214,1,401,0,0,8,40,9C,00,00,47,00,00,00
10:58:28.677 CAN::Logger:144224,1,203,0,0,8,00,00,00,00,00,00,00,00
10:58:28.681 CAN::Logger:144234,1,400,0,0,8,01,00,0C,00,00,00,00,00
10:58:28.687 CAN::Logger:144244,1,206,0,0,8,00,00,00,00,00,00,00,00
10:58:28.691 CAN::Logger:144244,0,300,0,0,8,03,5A,64,5A,32,00,32,73
10:58:28.694 CAN::Logger:144244,0,301,0,0,3,96,03,00
10:58:28.699 CAN::Logger:144294,0,300,0,0,8,03,5A,64,5A,32,00,32,34
10:58:28.702 CAN::Logger:144294,0,301,0,0,3,03,04,00
10:58:28.706 CAN::Logger:144304,1,201,0,0,5,00,00,00,00,62
10:58:28.712 CAN::Logger:144314,1,401,0,0,8,40,9C,00,00,47,00,00,00
10:58:28.716 CAN::Logger:144324,1,203,0,0,8,00,00,00,00,00,00,00,00
10:58:28.721 CAN::Logger:144334,1,400,0,0,8,01,00,0C,00,00,00,00,00
10:58:28.727 CAN::Logger:144344,1,206,0,0,8,00,00,00,00,00,00,00,00
10:58:28.731 CAN::Logger:144344,0,300,0,0,8,03,5A,64,5A,32,00,32,35
10:58:28.735 CAN::Logger:144344,0,301,0,0,3,54,05,00
10:58:28.740 CAN::Logger:144394,0,300,0,0,8,03,5A,64,5A,32,00,32,36
10:58:28.744 CAN::Logger:144394,0,301,0,0,3,F5,06,00
10:58:28.747 CAN::Logger:144404,1,201,0,0,5,00,00,00,00,62
10:58:28.752 CAN::Logger:144414,1,401,0,0,8,40,9C,00,00,47,00,00,00
10:58:28.757 CAN::Logger:144424,1,203,0,0,8,00,00,00,00,00,00,00,00
10:58:28.762 CAN::Logger:144434,1,400,0,0,8,01,00,0C,00,00,00,00,00
10:58:28.767 CAN::Logger:144444,1,206,0,0,8,00,00,00,00,00,00,00,00
10:58:28.771 CAN::Logger:144444,0,300,0,0,8,03,5A,64,5A,32,00,32,37
10:58:28.776 CAN::Logger:144444,0,301,0,0,3,B8,07,00
10:58:28.780 CAN::Logger:144494,0,300,0,0,8,03,5A,64,5A,32,00,32,F8
10:58:28.783 CAN::Logger:144494,0,301,0,0,3,80,08,00
10:58:28.788 CAN::Logger:144494,1,403,0,0,8,64,00,00,00,40,E3,09,00
10:58:28.793 CAN::Logger:144504,1,201,0,0,5,00,00,00,00,62
10:58:28.797 CAN::Logger:144514,1,401,0,0,8,40,9C,00,00,47,00,00,00
10:58:28.803 CAN::Logger:144524,1,203,0,0,8,00,00,00,00,00,00,00,00
10:58:28.808 CAN::Logger:144534,1,400,0,0,8,01,00,0C,00,00,00,00,00
10:58:28.812 CAN::Logger:144544,1,206,0,0,8,00,00,00,00,00,00,00,00
10:58:28.817 CAN::Logger:144544,0,300,0,0,8,03,5A,64,5A,32,00,32,F9
10:58:28.820 CAN::Logger:144544,0,301,0,0,3,88,09,00
10:58:28.825 CAN::Logger:144594,0,300,0,0,8,03,5A,64,5A,32,00,32,FA
10:58:28.829 CAN::Logger:144594,0,301,0,0,3,C6,0A,00
10:58:28.832 CAN::Logger:144604,1,201,0,0,5,00,00,00,00,62
10:58:28.837 CAN::Logger:144614,1,401,0,0,8,40,9C,00,00,47,00,00,00
10:58:28.843 CAN::Logger:144624,1,203,0,0,8,00,00,00,00,00,00,00,00
10:58:28.847 CAN::Logger:144634,1,204,0,0,8,00,00,00,00,00,00,00,00
10:58:28.852 CAN::Logger:144634,1,400,0,0,8,01,00,0C,00,00,00,00,00
10:58:28.857 CAN::Logger:144644,1,206,0,0,8,00,00,00,00,00,00,00,00
10:58:28.862 CAN::Logger:144644,1,202,0,0,8,E2,1C,00,00,33,99,05,00
10:58:28.867 CAN::Logger:144644,0,300,0,0,8,03,5A,64,5A,32,00,32,FB
10:58:28.870 CAN::Logger:144644,0,301,0,0,3,43,0B,00
10:58:29.365 CAN::Logger:144694,0,300,0,0,8,03,5A,64,5A,32,00,32,BC
10:58:29.366 CAN::Logger:144694,0,301,0,0,3,B5,0C,00
10:58:29.367 CAN::Logger:144704,1,201,0,0,5,00,00,00,00,62
10:58:29.372 CAN::Logger:144714,1,401,0,0,8,40,9C,00,00,47,00,00,00
10:58:29.376 CAN::Logger:144724,1,203,0,0,8,00,00,00,00,00,00,00,00
10:58:29.381 CAN::Logger:144734,1,400,0,0,8,01,00,0C,00,00,00,00,00
10:58:29.386 CAN::Logger:144744,1,206,0,0,8,00,00,00,00,00,00,00,00
10:58:29.391 CAN::Logger:144744,0,300,0,0,8,03,5A,64,5A,32,00,32,BD
10:58:29.395 CAN::Logger:144744,0,301,0,0,3,4E,0D,00
10:58:29.400 CAN::Logger:144794,0,300,0,0,8,03,5A,64,5A,32,00,32,BE
10:58:29.404 CAN::Logger:144794,0,301,0,0,3,1D,0E,00
10:58:29.407 CAN::Logger:144804,1,201,0,0,5,00,00,00,00,62
10:58:29.412 CAN::Logger:144824,1,401,0,0,8,3D,9C,00,00,47,00,00,00
10:58:29.418 CAN::Logger:144824,1,203,0,0,8,00,00,00,00,00,00,00,00
10:58:29.423 CAN::Logger:144844,1,400,0,0,8,01,00,0C,00,00,00,00,00
10:58:29.427 CAN::Logger:144844,1,206,0,0,8,00,00,00,00,00,00,00,00
10:58:29.431 CAN::Logger:144844,0,300,0,0,8,03,5A,64,5A,32,00,32,BF
10:58:29.436 CAN::Logger:144844,0,301,0,0,3,E8,0F,00
10:58:29.441 CAN::Logger:144894,0,300,0,0,8,03,5A,64,5A,32,00,32,70
10:58:29.444 CAN::Logger:144894,0,301,0,0,3,E2,00,00
10:58:29.447 CAN::Logger:144904,1,201,0,0,5,00,00,00,00,62
10:58:29.452 CAN::Logger:144924,1,401,0,0,8,3D,9C,00,00,47,00,00,00
10:58:29.457 CAN::Logger:144924,1,203,0,0,8,00,00,00,00,00,00,00,00
10:58:29.462 CAN::Logger:144944,1,400,0,0,8,01,00,0C,00,00,00,00,00
10:58:29.467 CAN::Logger:144944,1,206,0,0,8,00,00,00,00,00,00,00,00
10:58:29.472 CAN::Logger:144944,0,300,0,0,8,03,5A,64,5A,32,00,32,71
10:58:29.475 CAN::Logger:144944,0,301,0,0,3,B3,01,00
10:58:29.481 CAN::Logger:144994,0,300,0,0,8,03,5A,64,5A,32,00,32,72
10:58:29.484 CAN::Logger:144994,0,301,0,0,3,6B,02,00
10:58:29.489 CAN::Logger:145004,1,402,0,0,8,4E,00,00,00,F8,AB,07,00
10:58:29.494 CAN::Logger:145004,1,201,0,0,5,00,00,00,00,62
10:58:29.498 CAN::Logger:145024,1,401,0,0,8,3D,9C,00,00,47,00,00,00
10:58:29.502 CAN::Logger:145024,1,203,0,0,8,00,00,00,00,00,00,00,00
10:58:29.508 CAN::Logger:145044,1,400,0,0,8,01,00,0C,00,00,00,00,00
10:58:29.513 CAN::Logger:145044,1,206,0,0,8,00,00,00,00,00,00,00,00
10:58:29.518 CAN::Logger:145044,0,300,0,0,8,03,5A,64,5A,32,00,32,73
10:58:29.520 CAN::Logger:145044,0,301,0,0,3,96,03,00
10:58:29.525 CAN::Logger:145094,0,300,0,0,8,03,5A,64,5A,32,00,32,34
10:58:29.530 CAN::Logger:145094,0,301,0,0,3,03,04,00
10:58:29.533 CAN::Logger:145104,1,201,0,0,5,00,00,00,00,62
10:58:29.538 CAN::Logger:145124,1,401,0,0,8,3D,9C,00,00,47,00,00,00
10:58:29.544 CAN::Logger:145124,1,203,0,0,8,00,00,00,00,00,00,00,00
10:58:29.548 CAN::Logger:145144,1,400,0,0,8,01,00,0C,00,00,00,00,00
10:58:29.552 CAN::Logger:145144,1,206,0,0,8,00,00,00,00,00,00,00,00
10:58:29.558 CAN::Logger:145144,0,300,0,0,8,03,5A,64,5A,32,00,32,35
10:58:29.562 CAN::Logger:145144,0,301,0,0,3,54,05,00
10:58:29.566 CAN::Logger:145194,0,300,0,0,8,03,5A,64,5A,32,00,32,36
10:58:29.569 CAN::Logger:145194,0,301,0,0,3,F5,06,00
10:58:29.573 CAN::Logger:145204,1,201,0,0,5,00,00,00,00,62
10:58:29.578 CAN::Logger:145224,1,401,0,0,8,3D,9C,00,00,47,00,00,00
10:58:29.583 CAN::Logger:145224,1,203,0,0,8,00,00,00,00,00,00,00,00
10:58:29.588 CAN::Logger:145244,1,400,0,0,8,01,00,0C,00,00,00,00,00
10:58:29.593 CAN::Logger:145244,1,206,0,0,8,00,00,00,00,00,00,00,00
10:58:29.598 CAN::Logger:145244,0,300,0,0,8,03,5A,64,5A,32,00,32,37
10:58:29.601 CAN::Logger:145244,0,301,0,0,3,B8,07,00
10:58:29.606 CAN::Logger:145294,0,300,0,0,8,03,5A,64,5A,32,00,32,F8
10:58:29.610 CAN::Logger:145294,0,301,0,0,3,80,08,00
10:58:29.614 CAN::Logger:145304,1,201,0,0,5,00,00,00,00,62
10:58:29.619 CAN::Logger:145324,1,401,0,0,8,3B,9C,00,00,46,00,00,00
10:58:29.624 CAN::Logger:145324,1,203,0,0,8,00,00,00,00,00,00,00,00
10:58:29.628 CAN::Logger:145344,1,400,0,0,8,01,00,0C,00,00,00,00,00
10:58:29.634 CAN::Logger:145344,1,206,0,0,8,00,00,00,00,00,00,00,00
10:58:29.638 CAN::Logger:145344,0,300,0,0,8,03,5A,64,5A,32,00,32,F9
10:58:29.642 CAN::Logger:145344,0,301,0,0,3,88,09,00
10:58:29.647 CAN::Logger:145394,0,300,0,0,8,03,5A,64,5A,32,00,32,FA
10:58:29.650 CAN::Logger:145394,0,301,0,0,3,C6,0A,00
10:58:29.654 CAN::Logger:145404,1,201,0,0,5,00,00,00,00,62
10:58:29.660 CAN::Logger:145424,1,203,0,0,8,00,00,00,00,00,00,00,00
10:58:29.664 CAN::Logger:145424,1,401,0,0,8,3B,9C,00,00,46,00,00,00
10:58:29.669 CAN::Logger:145444,1,400,0,0,8,01,00,0C,00,00,00,00,00
10:58:29.674 CAN::Logger:145444,1,206,0,0,8,00,00,00,00,00,00,00,00
10:58:29.678 CAN::Logger:145444,0,300,0,0,8,03,5A,64,5A,32,00,32,FB
10:58:29.682 CAN::Logger:145444,0,301,0,0,3,43,0B,00
10:58:29.687 CAN::Logger:145494,0,300,0,0,8,03,5A,64,5A,32,00,32,BC
10:58:29.690 CAN::Logger:145494,0,301,0,0,3,B5,0C,00
10:58:29.696 CAN::Logger:145504,1,403,0,0,8,64,00,00,00,40,E3,09,00
10:58:29.700 CAN::Logger:145504,1,201,0,0,5,00,00,00,00,62
10:58:29.704 CAN::Logger:145524,1,203,0,0,8,00,00,00,00,00,00,00,00
10:58:29.710 CAN::Logger:145524,1,401,0,0,8,3D,9C,00,00,46,00,00,00
10:58:29.715 CAN::Logger:145544,1,400,0,0,8,01,00,0C,00,00,00,00,00
10:58:29.719 CAN::Logger:145544,1,206,0,0,8,00,00,00,00,00,00,00,00
10:58:29.724 CAN::Logger:145544,0,300,0,0,8,03,5A,64,5A,32,00,32,BD
10:58:29.728 CAN::Logger:145544,0,301,0,0,3,4E,0D,00
10:58:29.733 CAN::Logger:145594,0,300,0,0,8,03,5A,64,5A,32,00,32,BE
10:58:29.736 CAN::Logger:145594,0,301,0,0,3,1D,0E,00
10:58:29.740 CAN::Logger:145604,1,201,0,0,5,00,00,00,00,62
10:58:30.236 CAN::Logger:145624,1,203,0,0,8,00,00,00,00,00,00,00,00
10:58:30.238 CAN::Logger:145624,1,401,0,0,8,3D,9C,00,00,46,00,00,00
10:58:30.239 CAN::Logger:145634,1,204,0,0,8,00,00,00,00,00,00,00,00
10:58:30.245 CAN::Logger:145644,1,400,0,0,8,01,00,0C,00,00,00,00,00
10:58:30.249 CAN::Logger:145644,1,206,0,0,8,00,00,00,00,00,00,00,00
10:58:30.254 CAN::Logger:145644,1,202,0,0,8,E2,1D,00,00,33,99,05,00
10:58:30.254 CAN::Logger:145644,0,300,0,0,8,03,5A,64,5A,32,00,32,BF
10:58:30.262 CAN::Logger:145644,0,301,0,0,3,E8,0F,00
10:58:30.267 CAN::Logger:145654,1,666,0,0,8,52,08,05,00,52,95,36,02
10:58:30.272 CAN::Logger:145664,1,665,0,0,8,00,00,00,53,4C,18,53,00
10:58:30.276 CAN::Logger:145684,1,200,0,0,8,4E,00,F8,AB,07,00,02,00
10:58:30.281 CAN::Logger:145694,0,300,0,0,8,03,5A,64,5A,32,00,32,70
10:58:30.285 CAN::Logger:145694,0,301,0,0,3,E2,00,00
10:58:30.289 CAN::Logger:145704,1,201,0,0,5,00,00,00,00,62
10:58:30.294 CAN::Logger:145724,1,203,0,0,8,00,00,00,00,00,00,00,00
10:58:30.299 CAN::Logger:145724,1,401,0,0,8,3D,9C,00,00,46,00,00,00
10:58:30.304 CAN::Logger:145744,1,400,0,0,8,01,00,0C,00,00,00,00,00
10:58:30.308 CAN::Logger:145744,1,206,0,0,8,00,00,00,00,00,00,00,00
10:58:30.314 CAN::Logger:145744,0,300,0,0,8,03,5A,64,5A,32,00,32,71
10:58:30.317 CAN::Logger:145744,0,301,0,0,3,B3,01,00
10:58:30.322 CAN::Logger:145794,0,300,0,0,8,03,5A,64,5A,32,00,32,72
10:58:30.325 CAN::Logger:145794,0,301,0,0,3,6B,02,00
10:58:30.329 CAN::Logger:145804,1,201,0,0,5,00,00,00,00,62
10:58:30.334 CAN::Logger:145824,1,203,0,0,8,00,00,00,00,00,00,00,00
10:58:30.339 CAN::Logger:145824,1,401,0,0,8,3D,9C,00,00,47,00,00,00
10:58:30.344 CAN::Logger:145844,1,400,0,0,8,01,00,0C,00,00,00,00,00
10:58:30.350 CAN::Logger:145844,1,206,0,0,8,00,00,00,00,00,00,00,00
10:58:30.353 CAN::Logger:145844,0,300,0,0,8,03,5A,64,5A,32,00,32,73
10:58:30.358 CAN::Logger:145844,0,301,0,0,3,96,03,00
10:58:30.362 CAN::Logger:145894,0,300,0,0,8,03,5A,64,5A,32,00,32,34
10:58:30.365 CAN::Logger:145894,0,301,0,0,3,03,04,00
10:58:30.371 CAN::Logger:145904,1,201,0,0,5,00,00,00,00,62
10:58:30.374 CAN::Logger:145924,1,203,0,0,8,00,00,00,00,00,00,00,00
10:58:30.380 CAN::Logger:145924,1,401,0,0,8,3D,9C,00,00,47,00,00,00
10:58:30.384 CAN::Logger:145944,1,400,0,0,8,01,00,0C,00,00,00,00,00
10:58:30.390 CAN::Logger:145944,1,206,0,0,8,00,00,00,00,00,00,00,00
10:58:30.394 CAN::Logger:145944,0,300,0,0,8,03,5A,64,5A,32,00,32,35
10:58:30.398 CAN::Logger:145944,0,301,0,0,3,54,05,00
10:58:30.402 CAN::Logger:145994,0,300,0,0,8,03,5A,64,5A,32,00,32,36
10:58:30.406 CAN::Logger:145994,0,301,0,0,3,F5,06,00
10:58:30.480 CAN::Logger:146004,1,402,0,0,8,4E,00,00,00,F8,AB,07,00
10:58:30.552 CAN::Logger:146094,0,300,0,0,8,03,5A,64,5A,32,00,32,F8
10:58:30.623 CAN::Logger:146144,0,301,0,0,3,88,09,00
10:58:30.695 CAN::Logger:146244,0,300,0,0,8,03,5A,64,5A,32,00,32,FB
10:58:30.767 CAN::Logger:146344,1,206,0,0,8,00,00,00,00,00,00,00,00
10:58:30.839 CAN::Logger:146444,1,206,0,0,8,00,00,00,00,00,00,00,00
10:58:31.315 CAN::Logger:146494,0,300,0,0,8,03,5A,64,5A,32,00,32,70
10:58:31.386 CAN::Logger:146494,0,301,0,0,3,E2,00,00
10:58:31.459 CAN::Logger:146544,0,301,0,0,3,B3,01,00
10:58:31.531 CAN::Logger:146644,1,202,0,0,8,E2,1D,00,00,33,99,05,00
10:58:31.603 CAN::Logger:146744,1,400,0,0,8,01,00,0C,00,00,00,00,00
10:58:31.675 CAN::Logger:146844,1,400,0,0,8,01,00,0C,00,00,00,00,00
10:58:31.746 CAN::Logger:146924,1,401,0,0,8,40,9C,00,00,47,00,00,00
10:58:31.818 CAN::Logger:147024,1,203,0,0,8,00,00,00,00,00,00,00,00
10:58:31.891 CAN::Logger:147104,1,201,0,0,5,00,00,00,00,62
10:58:31.962 CAN::Logger:147194,0,301,0,0,3,1D,0E,00
10:58:32.034 CAN::Logger:147294,0,300,0,0,8,03,5A,64,5A,32,00,32,70
10:58:32.106 CAN::Logger:147394,0,300,0,0,8,03,5A,64,5A,32,00,32,72
10:58:32.179 0,0,0,8,03,5A,64,5A,32,00,32,73
10:58:32.250 CAN::Logger:147544,1,400,0,0,8,01,00,0C,00,00,00,00,00
10:58:32.726 CAN::Logger:147594,0,300,0,0,8,03,5A,64,5A,32,00,32,36
10:58:32.798 CAN::Logger:147594,0,301,0,0,3,F5,06,00
10:58:32.871 644,0,300,0,0,8,03,5A,64,5A,32,00,32,37
10:58:32.943 CAN::Logger:147744,0,300,0,0,8,03,5A,64,5A,32,00,32,F9
10:58:33.015 CAN::Logger:147844,1,400,0,0,8,01,00,0C,00,00,00,00,00
10:58:33.087 CAN::Logger:147944,1,206,0,0,8,00,00,00,00,00,00,00,00
10:58:33.159 CAN::Logger:148024,1,401,0,0,8,3D,9C,00,00,46,00,00,00
10:58:33.231 CAN::Logger:148124,1,203,0,0,8,00,00,00,00,00,00,00,00
10:58:33.303 CAN::Logger:148224,1,203,0,0,8,00,00,00,00,00,00,00,00
10:58:33.378 CAN::Logger:148304,1,201,0,0,5,00,00,00,00,62
10:58:33.451 201,0,0,5,00,00,00,00,62
10:58:33.523 CAN::Logger:148504,1,403,0,0,8,64,00,00,00,40,E3,09,00
10:58:33.595 CAN::Logger:148594,0,300,0,0,8,03,5A,64,5A,32,00,32,FA
10:58:33.667 CAN::Logger:148644,0,300,0,0,8,03,5A,64,5A,32,00,32,FB
10:58:33.739 CAN::Logger:148714,1,201,0,0,5,00,00,00,00,62
10:58:33.811 CAN::Logger:148814,1,201,0,0,5,00,00,00,00,62
10:58:33.883 CAN::Logger:148894,0,301,0,0,3,E2,00,00
10:58:34.375 CAN::Logger:148994,0,300,0,0,8,03,5A,64,5A,32,00,32,72
10:58:34.447 CAN::Logger:148994,0,301,0,0,3,6B,02,00
10:58:34.519 CAN::Logger:149044,1,400,0,0,8,01,00,0C,00,00,00,00,00
10:58:34.591 CAN::Logger:149124,1,203,0,0,8,00,00,00,00,00,00,00,00
10:58:34.663 CAN::Logger:149154,0,404,0,0,2,A3,01
10:58:34.735 CAN::Logger:149224,1,203,0,0,8,00,00,00,00,00,00,00,00
10:58:34.807 CAN::Logger:149284,0,404,0,0,2,23,00
10:58:34.879 CAN::Logger:149344,1,206,0,0,8,00,00,00,00,00,00,00,00
10:58:34.950 CAN::Logger:149394,0,300,0,0,8,03,5A,64,5A,32,00,32,FA
10:58:35.023 CAN::Logger:149444,1,206,0,0,8,00,00,00,00,00,00,00,00
10:58:35.095 CAN::Logger:149504,1,405,0,0,8,4D,00,00,00,00,00,00,00
10:58:35.166 CAN::Logger:149544,0,300,0,0,8,03,5A,64,5A,32,00,32,BD
10:58:35.239 CAN::Logger:149614,1,201,0,0,5,00,00,00,00,62
10:58:35.315 CAN::Logger:149644,0,300,0,0,8,03,5A,64,5A,32,00,32,BF
10:58:35.386 CAN::Logger:149724,1,203,0,0,8,00,00,00,00,00,00,00,00
10:58:35.459 CAN::Logger:149824,1,203,0,0,8,00,00,00,00,00,00,00,00
10:58:35.530 CAN::Logger:149914,1,201,0,0,5,00,00,00,00,62
10:58:35.602 CAN::Logger:149994,0,301,0,0,3,F5,06,00
10:58:35.675 CAN::Logger:150054,1,400,0,0,8,01,00,0C,00,00,00,00,00
10:58:35.747 CAN::Logger:150154,1,400,0,0,8,01,00,0C,00,00,00,00,00
10:58:35.819 CAN::Logger:150244,0,301,0,0,3,43,0B,00
10:58:35.891 CAN::Logger:150344,0,301,0,0,3,4E,0D,00
10:58:35.962 CAN::Logger:150444,0,300,0,0,8,03,5A,64,5A,32,00,32,BF
10:58:36.035 CAN::Logger:150534,1,401,0,0,8,3D,9C,00,00,47,00,00,00
10:58:36.525 CAN::Logger:150634,1,401,0,0,8,3D,9C,00,00,47,00,00,00
10:58:36.595 CAN::Logger:150634,1,204,0,0,8,00,00,00,00,00,00,00,00
10:58:36.667 CAN::Logger:150714,1,201,0,0,5,00,00,00,00,62
10:58:36.783 CAN::Logger:150814,1,201,0,0,5,00,00,00,00,62
10:58:36.863 CAN::Logger:151014,1,201,0,0,5,00,00,00,00,62
10:58:36.943 CAN::Logger:151114,1,201,0,0,5,00,00,00,00,62
10:58:37.023 CAN::Logger:151224,1,203,0,0,8,00,00,00,00,00,00,00,00
10:58:37.102 CAN::Logger:151334,1,401,0,0,8,3D,9C,00,00,47,00,00,00
10:58:37.182 CAN::Logger:151444,1,206,0,0,8,00,00,00,00,00,00,00,00
10:58:37.263 CAN::Logger:151544,0,300,0,0,8,03,5A,64,5A,32,00,32,35
10:58:37.343 CAN::Logger:151644,1,206,0,0,8,00,00,00,00,00,00,00,00
10:58:37.423 CAN::Logger:151724,1,203,0,0,8,00,00,00,00,00,00,00,00
10:58:37.503 CAN::Logger:151834,1,401,0,0,8,3D,9C,00,00,47,00,00,00
10:58:37.583 CAN::Logger:151944,1,206,0,0,8,00,00,00,00,00,00,00,00
10:58:37.663 CAN::Logger:152044,1,206,0,0,8,00,00,00,00,00,00,00,00
10:58:37.743 CAN::Logger:152144,0,300,0,0,8,03,5A,64,5A,32,00,32,71
10:58:37.823 CAN::Logger:152254,0,301,0,0,3,96,03,00
10:58:37.903 CAN::Logger:152354,1,400,0,0,8,01,00,0C,00,00,00,00,00
10:58:37.983 CAN::Logger:152494,0,300,0,0,8,03,5A,64,5A,32,00,32,F8
10:58:38.063 CAN::Logger:152594,0,300,0,0,8,03,5A,64,5A,32,00,32,FA
10:58:38.143 CAN::Logger:152654,1,400,0,0,8,01,00,0C,00,00,00,00,00
10:58:38.636 CAN::Logger:152794,0,300,0,0,8,03,5A,64,5A,32,00,32,BE
10:58:38.714 CAN::Logger:152804,0,301,0,0,3,1D,0E,00
10:58:38.795 CAN::Logger:152914,1,201,0,0,5,00,00,00,00,62
10:58:38.875 CAN::Logger:153024,1,203,0,0,8,00,00,00,00,00,00,00,00
10:58:38.954 CAN::Logger:153134,1,401,0,0,8,3D,9C,00,00,46,00,00,00
10:58:39.034 CAN::Logger:153244,1,206,0,0,8,00,00,00,00,00,00,00,00
10:58:39.114 CAN::Logger:153344,0,300,0,0,8,03,5A,64,5A,32,00,32,F9
10:58:39.195 CAN::Logger:153454,0,301,0,0,3,43,0B,00
10:58:39.275 CAN::Logger:153554,0,301,0,0,3,4E,0D,00
10:58:39.355 CAN::Logger:153644,0,300,0,0,8,03,5A,64,5A,32,00,32,BF
10:58:39.435 CAN::Logger:153754,0,301,0,0,3,B3,01,00
10:58:39.514 CAN::Logger:153864,1,400,0,0,8,01,00,0C,00,00,00,00,00
10:58:39.595 CAN::Logger:153994,0,300,0,0,8,03,5A,64,5A,32,00,32,36
10:58:39.674 CAN::Logger:154094,0,300,0,0,8,03,5A,64,5A,32,00,32,F8
10:58:39.755 CAN::Logger:154204,0,301,0,0,3,C6,0A,00
10:58:39.839 CAN::Logger:154314,1,201,0,0,5,00,00,00,00,62
10:58:39.919 CAN::Logger:154444,1,401,0,0,8,3B,9C,00,00,46,00,00,00
10:58:39.999 CAN::Logger:154544,1,401,0,0,8,3B,9C,00,00,46,00,00,00
10:58:40.079 CAN::Logger:154644,1,206,0,0,8,00,00,00,00,00,00,00,00
10:58:40.159 CAN::Logger:154714,1,201,0,0,5,00,00,00,00,62
10:58:40.239 CAN::Logger:154824,1,203,0,0,8,00,00,00,00,00,00,00,00
10:58:40.717 CAN::Logger:154894,0,300,0,0,8,03,5A,64,5A,32,00,32,F8
10:58:40.795 CAN::Logger:154904,0,301,0,0,3,80,08,00
10:58:40.874 62
10:58:40.955 CAN::Logger:155124,1,203,0,0,8,00,00,00,00,00,00,00,00
10:58:41.035 CAN::Logger:155244,1,401,0,0,8,3D,9C,00,00,47,00,00,00
10:58:41.119 CAN::Logger:155344,1,206,0,0,8,00,00,00,00,00,00,00,00
10:58:41.199 CAN::Logger:155454,0,301,0,0,3,96,03,00
10:58:41.279 CAN::Logger:155554,0,301,0,0,3,54,05,00
10:58:41.359 CAN::Logger:155654,0,300,0,0,8,03,5A,64,5A,32,00,32,37
10:58:41.439 CAN::Logger:155754,0,301,0,0,3,88,09,00
10:58:41.523 CAN::Logger:155864,1,400,0,0,8,01,00,0C,00,00,00,00,00
10:58:41.603 CAN::Logger:156004,0,301,0,0,3,1D,0E,00
10:58:41.683 CAN::Logger:156104,0,301,0,0,3,E2,00,00
10:58:41.763 CAN::Logger:156214,1,201,0,0,5,00,00,00,00,62
10:58:41.843 CAN::Logger:156344,1,401,0,0,8,3D,9C,00,00,47,00,00,00
10:58:41.923 CAN::Logger:156444,1,206,0,0,8,00,00,00,00,00,00,00,00
10:58:42.002 CAN::Logger:156544,1,206,0,0,8,00,00,00,00,00,00,00,00
10:58:42.082 CAN::Logger:156644,1,206,0,0,8,00,00,00,00,00,00,00,00
10:58:42.163 CAN::Logger:156744,1,206,0,0,8,00,00,00,00,00,00,00,00
10:58:42.243 CAN::Logger:156854,0,300,0,0,8,03,5A,64,5A,32,00,32,BF
10:58:42.323 CAN::Logger:156954,0,301,0,0,3,B3,01,00
10:58:42.787 CAN::Logger:157004,0,300,0,0,8,03,5A,64,5A,32,00,32,72
10:58:42.867 CAN::Logger:157004,0,301,0,0,3,6B,02,00
10:58:42.947 CAN::Logger:157064,1,405,0,0,7,02,48,00,00,00,00,00
10:58:43.027 CAN::Logger:157144,1,206,0,0,8,00,00,00,00,00,00,00,00
10:58:43.151 CAN::Logger:157214,0,404,0,0,2,21,00
10:58:43.239 CAN::Logger:157344,1,206,0,0,8,00,00,00,00,00,00,00,00
10:58:43.327 CAN::Logger:157434,0,404,0,0,2,4C,00
10:58:43.415 CAN::Logger:157514,1,201,0,0,5,00,00,00,00,62
10:58:43.503 CAN::Logger:157594,0,404,0,0,2,0A,00
10:58:43.591 CAN::Logger:157654,0,300,0,0,8,03,5A,64,5A,32,00,32,BF
10:58:43.679 CAN::Logger:157714,1,201,0,0,5,00,00,00,00,62
10:58:43.767 CAN::Logger:157844,1,401,0,0,8,3D,9C,00,00,47,00,00,00
10:58:43.855 CAN::Logger:157974,1,400,0,0,8,01,00,0C,00,00,00,00,00
10:58:43.943 CAN::Logger:158104,0,301,0,0,3,80,08,00
10:58:44.031 CAN::Logger:158244,1,206,0,0,8,00,00,00,00,00,00,00,00
10:58:44.119 CAN::Logger:158354,0,301,0,0,3,4E,0D,00
10:58:44.206 CAN::Logger:158504,0,301,0,0,3,E2,00,00
10:58:44.295 CAN::Logger:158624,1,203,0,0,8,00,00,00,00,00,00,00,00
10:58:44.382 0,00,00,00,00
10:58:44.470 CAN::Logger:158854,1,401,0,0,8,3D,9C,00,00,46,00,00,00
10:58:44.558 CAN::Logger:159004,0,300,0,0,8,03,5A,64,5A,32,00,32,FA
