10:59:30.795 CAN::Logger:206984,0,404,0,0,2,01,00
10:59:30.797 CAN::Logger:206984,0,300,0,0,8,03,5A,00,5A,32,00,32,31
10:59:30.797 CAN::Logger:206984,0,301,0,0,3,B3,01,00
10:59:30.800 CAN::Logger:206984,1,405,0,0,8,01,00,00,00,00,04,06,04
10:59:30.803 CAN::Logger:206994,0,450,0,0,2,4A,00
10:59:30.807 CAN::Logger:207004,1,201,0,0,5,00,00,00,00,68
10:59:30.813 CAN::Logger:207004,1,401,0,0,8,6C,3F,00,00,12,00,00,00
10:59:30.817 CAN::Logger:207014,1,203,0,0,8,00,00,00,00,00,00,FF,0F
10:59:30.822 CAN::Logger:207024,1,204,0,0,8,00,00,00,00,00,00,00,00
10:59:30.827 CAN::Logger:207024,1,400,0,0,8,00,00,04,00,00,00,00,00
10:59:30.832 CAN::Logger:207034,0,300,0,0,8,03,5A,00,5A,32,00,32,32
10:59:30.836 CAN::Logger:207034,1,206,0,0,8,00,00,00,00,00,00,00,00
10:59:30.841 CAN::Logger:207034,0,301,0,0,3,6B,02,00
10:59:30.845 CAN::Logger:207044,1,202,0,0,8,E2,00,00,00,00,00,00,00
10:59:31.346 CAN::Logger:207054,1,666,0,0,8,52,08,05,00,52,95,36,02
10:59:31.348 CAN::Logger:207064,1,665,0,0,8,00,00,00,53,4C,18,53,00
10:59:31.348 CAN::Logger:207074,1,200,0,0,8,00,00,00,00,00,00,00,00
10:59:31.354 CAN::Logger:207084,0,300,0,0,8,03,5A,00,5A,32,00,32,33
10:59:31.357 CAN::Logger:207084,0,301,0,0,3,96,03,00
10:59:31.361 CAN::Logger:207104,1,201,0,0,5,00,00,00,00,60
10:59:31.365 CAN::Logger:207104,1,401,0,0,8,6C,3F,00,00,49,00,00,00
10:59:31.370 CAN::Logger:207114,1,203,0,0,8,00,00,00,00,00,00,00,00
10:59:31.374 CAN::Logger:207114,0,4a4,0,0,2,01,00
10:59:31.378 CAN::Logger:207124,1,400,0,0,8,01,00,0C,00,00,00,00,00
10:59:31.384 CAN::Logger:207134,0,300,0,0,8,03,5A,00,5A,32,00,32,74
10:59:31.387 CAN::Logger:207134,0,301,0,0,3,03,04,00
10:59:31.392 CAN::Logger:207144,1,206,0,0,8,00,00,00,00,00,00,00,00
10:59:31.395 CAN::Logger:207154,0,450,0,0,2,4A,00
10:59:31.401 CAN::Logger:207184,0,300,0,0,8,03,5A,00,5A,32,00,32,75
10:59:31.403 CAN::Logger:207184,0,301,0,0,3,54,05,00
10:59:31.407 CAN::Logger:207204,1,201,0,0,5,00,00,00,00,60
10:59:31.412 CAN::Logger:207204,1,401,0,0,8,3D,9C,00,00,49,00,00,00
10:59:31.417 CAN::Logger:207214,1,203,0,0,8,00,00,00,00,00,00,00,00
10:59:31.422 CAN::Logger:207224,1,400,0,0,8,01,00,0C,00,00,00,00,00
10:59:31.427 CAN::Logger:207234,0,300,0,0,8,03,5A,00,5A,32,00,32,76
10:59:31.431 CAN::Logger:207234,0,301,0,0,3,F5,06,00
10:59:31.435 CAN::Logger:207244,1,206,0,0,8,00,00,00,00,00,00,00,00
10:59:31.440 CAN::Logger:207244,0,311,0,0,8,04,00,00,00,4B,00,00,00
10:59:31.445 CAN::Logger:207284,0,300,0,0,8,03,5A,00,5A,32,00,32,77
10:59:31.448 CAN::Logger:207284,0,301,0,0,3,B8,07,00
10:59:31.452 CAN::Logger:207304,1,201,0,0,5,00,00,00,00,60
10:59:31.457 CAN::Logger:207314,1,401,0,0,8,3D,9C,00,00,49,00,00,00
10:59:31.461 CAN::Logger:207314,0,450,0,0,2,4A,00
10:59:31.465 CAN::Logger:207314,1,203,0,0,8,00,00,00,00,00,00,00,00
10:59:31.470 CAN::Logger:207334,1,400,0,0,8,01,00,0C,00,00,00,00,00
10:59:31.475 CAN::Logger:207334,0,300,0,0,8,03,5A,00,5A,32,00,32,B8
10:59:31.479 CAN::Logger:207334,0,301,0,0,3,80,08,00
10:59:31.485 CAN::Logger:207344,1,206,0,0,8,00,00,00,00,00,00,00,00
10:59:31.488 CAN::Logger:207384,0,300,0,0,8,03,5A,00,5A,32,00,32,B9
10:59:31.492 CAN::Logger:207384,0,301,0,0,3,88,09,00
10:59:31.496 CAN::Logger:207404,1,201,0,0,5,00,00,00,00,60
10:59:31.501 CAN::Logger:207414,1,401,0,0,8,3D,9C,00,00,EE,00,00,00
10:59:31.506 CAN::Logger:207414,1,203,0,0,8,00,00,00,00,00,00,00,00
10:59:31.511 CAN::Logger:207434,1,400,0,0,8,01,00,0C,00,00,00,00,00
10:59:31.516 CAN::Logger:207434,0,300,0,0,8,03,5A,00,5A,32,00,32,BA
10:59:31.519 CAN::Logger:207434,0,301,0,0,3,C6,0A,00
10:59:31.525 CAN::Logger:207444,1,206,0,0,8,00,00,00,00,00,00,00,00
10:59:31.528 CAN::Logger:207444,0,404,0,0,2,4A,00
10:59:31.532 CAN::Logger:207444,1,405,0,0,8,4A,00,00,00,06,00,00,00
10:59:31.535 CAN::Logger:207464,0,404,0,0,2,02,30
10:59:31.540 CAN::Logger:207464,1,405,0,0,7,02,48,00,00,00,00,00
10:59:31.545 CAN::Logger:207484,0,300,0,0,8,03,5A,00,5A,32,00,32,BB
10:59:31.549 CAN::Logger:207484,0,301,0,0,3,43,0B,00
10:59:31.553 CAN::Logger:207494,1,402,0,0,8,4E,00,00,00,F8,AB,07,00
10:59:31.557 CAN::Logger:207494,0,404,0,0,2,44,00
10:59:31.562 CAN::Logger:207494,1,405,0,0,6,44,00,00,00,50,46
10:59:31.565 CAN::Logger:207504,1,201,0,0,5,00,00,00,00,60
10:59:31.570 CAN::Logger:207514,1,401,0,0,8,40,9C,00,00,EE,00,00,00
10:59:31.575 CAN::Logger:207514,1,203,0,0,8,00,00,00,00,00,00,00,00
10:59:31.581 CAN::Logger:207534,1,400,0,0,8,01,00,0C,00,00,00,00,00
10:59:31.585 CAN::Logger:207534,0,300,0,0,8,03,5A,00,5A,32,00,32,FC
10:59:31.589 CAN::Logger:207534,0,301,0,0,3,B5,0C,00
10:59:31.593 CAN::Logger:207544,1,206,0,0,8,00,00,00,00,00,00,00,00
10:59:31.596 CAN::Logger:207564,0,404,0,0,2,01,00
10:59:31.602 CAN::Logger:207564,1,405,0,0,8,01,00,00,00,00,04,06,04
10:59:31.607 CAN::Logger:207584,0,300,0,0,8,03,5A,00,5A,32,00,32,FD
10:59:31.610 CAN::Logger:207584,0,301,0,0,3,4E,0D,00
10:59:31.614 CAN::Logger:207594,0,404,0,0,2,A3,01
10:59:31.617 CAN::Logger:207594,1,405,0,0,5,A3,01,00,00,06
10:59:32.114 CAN::Logger:207604,1,201,0,0,5,00,00,00,00,60
10:59:32.115 CAN::Logger:207614,1,401,0,0,8,40,9C,00,00,48,00,00,00
10:59:32.117 CAN::Logger:207614,1,203,0,0,8,00,00,00,00,00,00,00,00
10:59:32.120 CAN::Logger:207624,0,404,0,0,2,20,00
10:59:32.125 CAN::Logger:207624,1,405,0,0,8,20,00,00,00,32,33,36,47
10:59:32.130 CAN::Logger:207634,1,400,0,0,8,01,00,0C,00,00,00,00,00
10:59:32.135 CAN::Logger:207634,0,300,0,0,8,03,5A,00,5A,32,00,32,FE
10:59:32.139 CAN::Logger:207634,0,301,0,0,3,1D,0E,00
10:59:32.144 CAN::Logger:207644,1,206,0,0,8,00,00,00,00,00,00,00,00
10:59:32.147 CAN::Logger:207654,0,404,0,0,2,21,00
10:59:32.151 CAN::Logger:207654,1,405,0,0,8,21,00,00,00,35,4C,41,31
10:59:32.155 CAN::Logger:207684,0,404,0,0,2,22,00
10:59:32.161 CAN::Logger:207684,1,405,0,0,8,22,00,00,00,30,30,34,52
10:59:32.164 CAN::Logger:207684,0,300,0,0,8,03,5A,00,5A,32,00,32,FF
10:59:32.168 CAN::Logger:207684,0,301,0,0,3,E8,0F,00
10:59:32.172 CAN::Logger:207704,1,201,0,0,5,00,00,00,00,60
10:59:32.177 CAN::Logger:207714,1,401,0,0,8,3D,9C,00,00,48,00,00,00
10:59:32.182 CAN::Logger:207714,1,203,0,0,8,00,00,00,00,00,00,00,00
10:59:32.185 CAN::Logger:207714,0,404,0,0,2,23,00
10:59:32.190 CAN::Logger:207714,1,405,0,0,8,23,00,00,00,4D,30,30,30
10:59:32.195 CAN::Logger:207734,1,400,0,0,8,01,00,0C,00,00,00,00,00
10:59:32.200 CAN::Logger:207734,0,300,0,0,8,03,5A,00,5A,32,00,32,30
10:59:32.203 CAN::Logger:207734,0,301,0,0,3,E2,00,00
10:59:32.208 CAN::Logger:207744,1,206,0,0,8,00,00,00,00,00,00,00,00
10:59:32.211 CAN::Logger:207754,0,404,0,0,2,24,00
10:59:32.216 CAN::Logger:207754,1,405,0,0,8,24,00,00,00,30,30,30,30
10:59:32.221 CAN::Logger:207784,0,300,0,0,8,03,5A,00,5A,32,00,32,31
10:59:32.225 CAN::Logger:207784,0,301,0,0,3,B3,01,00
10:59:32.230 CAN::Logger:207804,1,201,0,0,5,00,00,00,00,60
10:59:32.232 CAN::Logger:207814,0,404,0,0,2,25,00
10:59:32.237 CAN::Logger:207814,1,401,0,0,8,3D,9C,00,00,48,00,00,00
10:59:32.242 CAN::Logger:207814,1,405,0,0,8,25,00,00,00,30,30,30,30
10:59:32.247 CAN::Logger:207814,1,203,0,0,8,00,00,00,00,00,00,00,00
10:59:32.252 CAN::Logger:207834,1,400,0,0,8,01,00,0C,00,00,00,00,00
10:59:32.256 CAN::Logger:207834,0,300,0,0,8,03,5A,00,5A,32,00,32,32
10:59:32.260 CAN::Logger:207834,0,301,0,0,3,6B,02,00
10:59:32.265 CAN::Logger:207844,1,206,0,0,8,00,00,00,00,00,00,00,00
10:59:32.268 CAN::Logger:207844,0,404,0,0,2,26,00
10:59:32.273 CAN::Logger:207844,1,405,0,0,8,26,00,00,00,30,30,30,30
10:59:32.276 CAN::Logger:207874,0,404,0,0,2,27,00
10:59:32.281 CAN::Logger:207874,1,405,0,0,6,27,00,00,00,30,30
10:59:32.285 CAN::Logger:207884,0,300,0,0,8,03,5A,00,5A,32,00,32,33
10:59:32.289 CAN::Logger:207884,0,301,0,0,3,96,03,00
10:59:32.293 CAN::Logger:207904,1,201,0,0,5,00,00,00,00,60
10:59:32.296 CAN::Logger:207904,0,404,0,0,2,4C,00
10:59:32.302 CAN::Logger:207914,1,405,0,0,8,4C,00,00,00,01,24,00,00
10:59:32.306 CAN::Logger:207914,1,401,0,0,8,3D,9C,00,00,46,00,00,00
10:59:32.312 CAN::Logger:207914,1,203,0,0,8,00,00,00,00,00,00,00,00
10:59:32.317 CAN::Logger:207934,1,400,0,0,8,01,00,0C,00,00,00,00,00
10:59:32.320 CAN::Logger:207934,0,404,0,0,2,46,00
10:59:32.323 CAN::Logger:207934,1,405,0,0,5,46,00,00,00,00
10:59:32.329 CAN::Logger:207934,0,300,0,0,8,03,5A,00,5A,32,00,32,74
10:59:32.333 CAN::Logger:207934,0,301,0,0,3,03,04,00
10:59:32.338 CAN::Logger:207944,1,206,0,0,8,00,00,00,00,00,00,00,00
10:59:32.341 CAN::Logger:207964,0,404,0,0,2,4D,00
10:59:32.346 CAN::Logger:207964,1,405,0,0,8,4D,00,00,00,00,00,00,00
10:59:32.350 CAN::Logger:207984,0,300,0,0,8,03,5A,00,5A,32,00,32,75
10:59:32.353 CAN::Logger:207984,0,301,0,0,3,54,05,00
10:59:32.359 CAN::Logger:207994,1,403,0,0,8,64,00,00,00,40,E3,09,00
10:59:32.362 CAN::Logger:207994,0,404,0,0,2,50,00
10:59:32.367 CAN::Logger:207994,1,405,0,0,8,50,00,00,00,ED,00,F0,00
10:59:32.370 CAN::Logger:208004,1,201,0,0,5,00,00,00,00,60
10:59:32.375 CAN::Logger:208014,1,401,0,0,8,3D,9C,00,00,46,00,00,00
10:59:32.380 CAN::Logger:208014,1,203,0,0,8,00,00,00,00,00,00,00,00
10:59:32.386 CAN::Logger:208024,1,204,0,0,8,00,00,00,00,00,00,00,00
10:59:32.391 CAN::Logger:208034,1,400,0,0,8,01,00,0C,00,00,00,00,00
10:59:32.395 CAN::Logger:208034,0,300,0,0,8,03,5A,00,5A,32,00,32,76
10:59:32.399 CAN::Logger:208034,0,301,0,0,3,F5,06,00
10:59:32.404 CAN::Logger:208044,1,206,0,0,8,00,00,00,00,00,00,00,00
10:59:32.409 CAN::Logger:208044,1,202,0,0,8,E2,1B,00,00,33,99,05,00
10:59:32.412 CAN::Logger:208064,0,404,0,0,2,02,00
10:59:32.416 CAN::Logger:208064,1,405,0,0,8,02,00,00,00,53,49,43,54
10:59:32.422 CAN::Logger:208084,0,300,0,0,8,03,5A,00,5A,32,00,32,77
10:59:32.425 CAN::Logger:208084,0,301,0,0,3,B8,07,00
10:59:32.429 CAN::Logger:208094,0,404,0,0,2,0A,00
10:59:32.433 CAN::Logger:208094,1,405,0,0,8,0A,00,00,00,30,3A,00,00
10:59:32.438 CAN::Logger:208104,1,201,0,0,5,00,00,00,00,60
10:59:32.442 CAN::Logger:208114,1,401,0,0,8,3D,9C,00,00,46,00,00,00
10:59:32.446 CAN::Logger:208114,1,203,0,0,8,00,00,00,00,00,00,00,00
10:59:32.451 CAN::Logger:208124,0,404,0,0,2,04,00
10:59:32.455 CAN::Logger:208124,1,405,0,0,7,04,0,00,00,16,09,02
10:59:32.460 CAN::Logger:208134,1,400,0,0,8,01,00,0C,00,00,00,00,00
10:59:32.465 CAN::Logger:208134,0,300,0,0,8,03,5A,00,5A,32,00,32,B8
10:59:32.468 CAN::Logger:208134,0,301,0,0,3,80,08,00
10:59:32.473 CAN::Logger:208144,1,206,0,0,8,00,00,00,00,00,00,00,00
10:59:32.476 CAN::Logger:208154,0,404,0,0,2,B0,01
10:59:32.481 CAN::Logger:208154,1,405,0,0,6,B0,01,00,00,00,00
10:59:32.483 CAN::Logger:208184,0,404,0,0,2,B1,01
10:59:32.488 CAN::Logger:208184,1,405,0,0,6,B1,01,00,00,00,00
10:59:32.492 CAN::Logger:208184,0,300,0,0,8,03,5A,00,5A,32,00,32,B9
10:59:32.496 CAN::Logger:208184,0,301,0,0,3,88,09,00
10:59:32.500 CAN::Logger:208204,1,201,0,0,5,00,00,00,00,60
10:59:32.506 CAN::Logger:208214,1,401,0,0,8,40,9C,00,00,46,00,00,00
10:59:32.510 CAN::Logger:208214,1,203,0,0,8,00,00,00,00,00,00,00,00
10:59:32.516 CAN::Logger:208234,1,400,0,0,8,01,00,0C,00,00,00,00,00
10:59:32.520 CAN::Logger:208234,0,300,0,0,8,03,5A,00,5A,32,00,32,BA
10:59:32.523 CAN::Logger:208234,0,301,0,0,3,C6,0A,00
10:59:32.528 CAN::Logger:208244,1,206,0,0,8,00,00,00,00,00,00,00,00
10:59:32.533 CAN::Logger:208284,0,300,0,0,8,03,5A,00,5A,32,00,32,BB
10:59:32.537 CAN::Logger:208284,0,301,0,0,3,43,0B,00
10:59:32.540 CAN::Logger:208304,1,201,0,0,5,00,00,00,00,60
10:59:32.545 CAN::Logger:208314,1,401,0,0,8,40,9C,00,00,46,00,00,00
10:59:32.550 CAN::Logger:208314,1,203,0,0,8,00,00,00,00,00,00,00,00
10:59:32.555 CAN::Logger:208334,1,400,0,0,8,01,00,0C,00,00,00,00,00
10:59:32.560 CAN::Logger:208334,0,300,0,0,8,03,5A,00,5A,32,00,32,FC
10:59:32.563 CAN::Logger:208334,0,301,0,0,3,B5,0C,00
10:59:32.569 CAN::Logger:208344,1,206,0,0,8,00,00,00,00,00,00,00,00
10:59:33.064 CAN::Logger:208384,0,300,0,0,8,03,5A,00,5A,32,00,32,FD
10:59:33.066 CAN::Logger:208384,0,301,0,0,3,4E,0D,00
10:59:33.066 CAN::Logger:208404,1,201,0,0,5,00,00,00,00,60
10:59:33.071 CAN::Logger:208414,1,401,0,0,8,40,9C,00,00,46,00,00,00
10:59:33.075 CAN::Logger:208414,1,203,0,0,8,00,00,00,00,00,00,00,00
10:59:33.080 CAN::Logger:208434,1,400,0,0,8,01,00,0C,00,00,00,00,00
10:59:33.085 CAN::Logger:208434,0,300,0,0,8,03,5A,00,5A,32,00,32,FE
10:59:33.089 CAN::Logger:208434,0,301,0,0,3,1D,0E,00
10:59:33.094 CAN::Logger:208444,1,206,0,0,8,00,00,00,00,00,00,00,00
10:59:33.098 CAN::Logger:208464,0,100,0,0,8,03,22,02,03,00,00,00,00
10:59:33.104 CAN::Logger:208474,1,101,0,0,8,10,17,62,02,03,33,36,32
10:59:33.108 CAN::Logger:208474,0,100,0,0,3,30,00,00
10:59:33.112 CAN::Logger:208474,1,101,0,0,8,21,39,38,31,30,30,32,37
10:59:33.117 CAN::Logger:208474,1,101,0,0,8,22,30,39,32,32,30,37,37
10:59:33.122 CAN::Logger:208484,1,101,0,0,8,23,38,33,36,BC,92,00,00
10:59:33.126 CAN::Logger:208484,0,100,0,0,8,03,22,02,02,00,00,00,00
10:59:33.131 CAN::Logger:208484,1,101,0,0,8,10,1B,62,02,02,45,30,31
10:59:33.137 CAN::Logger:208484,0,300,0,0,8,03,5A,00,5A,32,00,32,FF
10:59:33.140 CAN::Logger:208484,0,100,0,0,3,30,00,00
10:59:33.143 CAN::Logger:208484,0,301,0,0,3,E8,0F,00
10:59:33.148 CAN::Logger:208494,1,101,0,0,8,21,36,38,30,2D,32,30,30
10:59:33.153 CAN::Logger:208494,1,402,0,0,8,4E,00,00,00,F8,AB,07,00
10:59:33.158 CAN::Logger:208494,1,101,0,0,8,22,32,32,30,39,33,30,2D
10:59:33.164 CAN::Logger:208494,1,101,0,0,8,23,33,2D,30,30,34,32,00
10:59:33.167 CAN::Logger:208504,0,100,0,0,8,03,22,02,04,00,00,00,00
10:59:33.173 CAN::Logger:208504,1,101,0,0,8,10,17,62,02,04,57,53,42
10:59:33.176 CAN::Logger:208504,1,201,0,0,5,00,00,00,00,60
10:59:33.181 CAN::Logger:208504,0,100,0,0,3,30,00,00
10:59:33.185 CAN::Logger:208504,1,101,0,0,8,21,43,30,30,31,31,33,30
10:59:33.191 CAN::Logger:208514,1,101,0,0,8,22,35,31,32,54,00,00,00
10:59:33.195 CAN::Logger:208514,1,401,0,0,8,3D,9C,00,00,46,00,00,00
10:59:33.200 CAN::Logger:208514,1,101,0,0,8,23,00,00,00,BC,92,00,00
10:59:33.205 CAN::Logger:208514,1,203,0,0,8,00,00,00,00,00,00,00,00
10:59:33.210 CAN::Logger:208514,0,100,0,0,8,03,22,02,07,00,00,00,00
10:59:33.214 CAN::Logger:208514,1,101,0,0,8,05,62,02,07,78,1E,E0,AA
10:59:33.220 CAN::Logger:208524,0,100,0,0,8,03,22,02,06,00,00,00,00
10:59:33.224 CAN::Logger:208524,1,101,0,0,8,05,62,02,06,60,09,E0,AA
10:59:33.229 CAN::Logger:208524,0,100,0,0,8,03,22,02,0D,00,00,00,00
10:59:33.234 CAN::Logger:208524,1,101,0,0,8,04,62,02,0D,00,9F,E0,AA
10:59:33.239 CAN::Logger:208524,0,100,0,0,8,03,22,02,13,00,00,00,00
10:59:33.243 CAN::Logger:208534,1,101,0,0,8,07,62,02,13,13,01,2D,00
10:59:33.249 CAN::Logger:208534,1,400,0,0,8,01,00,0C,00,00,00,00,00
10:59:33.254 CAN::Logger:208534,0,100,0,0,8,03,22,02,00,00,00,00,00
10:59:33.259 CAN::Logger:208534,0,300,0,0,8,03,5A,00,5A,32,00,32,30
10:59:33.261 CAN::Logger:208534,0,301,0,0,3,E2,00,00
10:59:33.266 CAN::Logger:208534,1,101,0,0,8,05,62,02,00,02,05,E0,AA
10:59:33.272 CAN::Logger:208544,1,206,0,0,8,00,00,00,00,00,00,00,00
10:59:33.277 CAN::Logger:208544,0,100,0,0,8,03,22,02,0B,00,00,00,00
10:59:33.282 CAN::Logger:208544,1,101,0,0,8,05,62,02,0B,00,1C,00,02
10:59:33.286 CAN::Logger:208544,0,100,0,0,8,03,22,02,17,00,00,00,00
10:59:33.291 CAN::Logger:208544,1,101,0,0,8,07,62,02,17,05,00,30,00
10:59:33.294 CAN::Logger:208564,0,404,0,0,2,4A,00
10:59:33.299 CAN::Logger:208564,1,405,0,0,8,4A,00,00,00,06,00,00,00
10:59:33.303 CAN::Logger:208584,0,300,0,0,8,03,5A,00,5A,32,00,32,31
10:59:33.307 CAN::Logger:208584,0,301,0,0,3,B3,01,00
10:59:33.310 CAN::Logger:208594,0,404,0,0,2,02,30
10:59:33.316 CAN::Logger:208594,1,405,0,0,7,02,48,00,00,00,00,00
10:59:33.320 CAN::Logger:208604,1,201,0,0,5,00,00,00,00,60
10:59:33.325 CAN::Logger:208614,1,401,0,0,8,3D,9C,00,00,46,00,00,00
10:59:33.329 CAN::Logger:208614,1,203,0,0,8,00,00,00,00,00,00,00,00
10:59:33.333 CAN::Logger:208624,0,404,0,0,2,44,00
10:59:33.337 CAN::Logger:208624,1,405,0,0,6,44,00,00,00,50,46
10:59:33.341 CAN::Logger:208634,1,400,0,0,8,01,00,0C,00,00,00,00,00
10:59:33.346 CAN::Logger:208634,0,300,0,0,8,03,5A,00,5A,32,00,32,32
10:59:33.350 CAN::Logger:208634,0,301,0,0,3,6B,02,00
10:59:33.356 CAN::Logger:208644,1,206,0,0,8,00,00,00,00,00,00,00,00
10:59:33.359 CAN::Logger:208654,0,404,0,0,2,01,00
10:59:33.363 CAN::Logger:208654,1,405,0,0,8,01,00,00,00,00,04,06,04
10:59:33.367 CAN::Logger:208684,0,300,0,0,8,03,5A,00,5A,32,00,32,33
10:59:33.372 CAN::Logger:208684,0,301,0,0,3,96,03,00
10:59:33.374 CAN::Logger:208694,0,404,0,0,2,A3,01
10:59:33.378 CAN::Logger:208694,1,405,0,0,5,A3,01,00,00,06
10:59:33.383 CAN::Logger:208704,1,201,0,0,5,00,00,00,00,60
10:59:33.388 CAN::Logger:208714,1,401,0,0,8,40,9C,00,00,46,00,00,00
10:59:33.393 CAN::Logger:208714,1,203,0,0,8,00,00,00,00,00,00,00,00
10:59:33.396 CAN::Logger:208714,0,404,0,0,2,20,00
10:59:33.401 CAN::Logger:208714,1,405,0,0,8,20,00,00,00,32,33,36,47
10:59:33.406 CAN::Logger:208734,1,400,0,0,8,01,00,0C,00,00,00,00,00
10:59:33.411 CAN::Logger:208734,0,300,0,0,8,03,5A,00,5A,32,00,32,74
10:59:33.414 CAN::Logger:208734,0,301,0,0,3,03,04,00
10:59:33.419 CAN::Logger:208744,1,206,0,0,8,00,00,00,00,00,00,00,00
10:59:33.422 CAN::Logger:208744,0,404,0,0,2,21,00
10:59:33.428 CAN::Logger:208744,1,405,0,0,8,21,00,00,00,35,4C,41,31
10:59:33.431 CAN::Logger:208774,0,404,0,0,2,22,00
10:59:33.435 CAN::Logger:208784,1,405,0,0,8,22,00,00,00,30,30,34,52
10:59:33.440 CAN::Logger:208784,0,300,0,0,8,03,5A,00,5A,32,00,32,75
10:59:33.443 CAN::Logger:208784,0,301,0,0,3,54,05,00
10:59:33.447 CAN::Logger:208804,1,201,0,0,5,00,00,00,00,60
10:59:33.451 CAN::Logger:208814,0,404,0,0,2,23,00
10:59:33.455 CAN::Logger:208814,1,405,0,0,8,23,00,00,00,4D,30,30,30
10:59:33.460 CAN::Logger:208814,1,401,0,0,8,40,9C,00,00,46,00,00,00
10:59:33.465 CAN::Logger:208814,1,203,0,0,8,00,00,00,00,00,00,00,00
10:59:33.470 CAN::Logger:208834,1,400,0,0,8,01,00,0C,00,00,00,00,00
10:59:33.476 CAN::Logger:208834,0,300,0,0,8,03,5A,00,5A,32,00,32,76
10:59:33.478 CAN::Logger:208834,0,301,0,0,3,F5,06,00
10:59:33.484 CAN::Logger:208844,1,206,0,0,8,00,00,00,00,00,00,00,00
10:59:33.488 CAN::Logger:208844,0,404,0,0,2,24,00
10:59:33.492 CAN::Logger:208844,1,405,0,0,8,24,00,00,00,30,30,30,30
10:59:33.495 CAN::Logger:208874,0,404,0,0,2,25,00
10:59:33.501 CAN::Logger:208874,1,405,0,0,8,25,00,00,00,30,30,30,30
10:59:33.505 CAN::Logger:208884,0,300,0,0,8,03,5A,00,5A,32,00,32,77
10:59:33.509 CAN::Logger:208884,0,301,0,0,3,B8,07,00
10:59:33.512 CAN::Logger:208904,1,201,0,0,5,00,00,00,00,60
10:59:33.515 CAN::Logger:208904,0,404,0,0,2,26,00
10:59:33.521 CAN::Logger:208904,1,405,0,0,8,26,00,00,00,30,30,30,30
10:59:33.526 CAN::Logger:208914,1,401,0,0,8,40,9C,00,00,45,00,00,00
10:59:33.530 CAN::Logger:208914,1,203,0,0,8,00,00,00,00,00,00,00,00
10:59:33.535 CAN::Logger:208934,1,400,0,0,8,01,00,0C,00,00,00,00,00
10:59:33.539 CAN::Logger:208934,0,404,0,0,2,27,00
10:59:33.543 CAN::Logger:208934,1,405,0,0,6,27,00,00,00,30,30
10:59:33.547 CAN::Logger:208934,0,300,0,0,8,03,5A,00,5A,32,00,32,B8
10:59:33.551 CAN::Logger:208934,0,301,0,0,3,80,08,00
10:59:33.557 CAN::Logger:208944,1,206,0,0,8,00,00,00,00,00,00,00,00
10:59:33.559 CAN::Logger:208964,0,404,0,0,2,4C,00
10:59:33.565 CAN::Logger:208964,1,405,0,0,8,4C,00,00,00,01,24,00,00
10:59:33.570 CAN::Logger:208984,0,300,0,0,8,03,5A,00,5A,32,00,32,B9
10:59:33.573 CAN::Logger:208984,0,301,0,0,3,88,09,00
10:59:33.577 CAN::Logger:208994,1,403,0,0,8,64,00,00,00,40,E3,09,00
10:59:33.581 CAN::Logger:209004,1,201,0,0,5,00,00,00,00,60
10:59:33.586 CAN::Logger:209004,0,404,0,0,2,46,00
10:59:33.590 CAN::Logger:209004,1,405,0,0,5,46,00,00,00,00
10:59:33.594 CAN::Logger:209014,1,401,0,0,8,3D,9C,00,00,45,00,00,00
10:59:33.598 CAN::Logger:209014,1,203,0,0,8,00,00,00,00,00,00,00,00
10:59:33.603 CAN::Logger:209024,1,204,0,0,8,00,00,00,00,00,00,00,00
10:59:33.607 CAN::Logger:209034,0,404,0,0,2,4D,00
10:59:33.611 CAN::Logger:209034,1,405,0,0,8,4D,00,00,00,00,00,00,00
10:59:33.616 CAN::Logger:209034,1,400,0,0,8,01,00,0C,00,00,00,00,00
10:59:33.621 CAN::Logger:209034,0,300,0,0,8,03,5A,00,5A,32,00,32,BA
10:59:33.625 CAN::Logger:209034,0,301,0,0,3,C6,0A,00
10:59:33.630 CAN::Logger:209044,1,206,0,0,8,00,00,00,00,00,00,00,00
10:59:33.634 CAN::Logger:209044,1,202,0,0,8,E2,1B,00,00,33,99,05,00
10:59:33.638 CAN::Logger:209064,0,404,0,0,2,50,00
10:59:33.643 CAN::Logger:209064,1,405,0,0,8,50,00,00,00,ED,00,F0,00
10:59:33.647 CAN::Logger:209084,0,300,0,0,8,03,5A,00,5A,32,00,32,BB
10:59:33.651 CAN::Logger:209084,0,301,0,0,3,43,0B,00
10:59:33.654 CAN::Logger:209094,0,404,0,0,2,02,00
10:59:33.659 CAN::Logger:209094,1,405,0,0,8,02,00,00,00,53,49,43,54
10:59:33.663 CAN::Logger:209104,1,201,0,0,5,00,00,00,00,60
10:59:33.668 CAN::Logger:209114,1,401,0,0,8,3D,9C,00,00,46,00,00,00
10:59:33.673 CAN::Logger:209114,1,203,0,0,8,00,00,00,00,00,00,00,00
10:59:33.676 CAN::Logger:209124,0,404,0,0,2,0A,00
10:59:33.681 CAN::Logger:209124,1,405,0,0,8,0A,00,00,00,30,3A,00,00
10:59:33.686 CAN::Logger:209134,1,400,0,0,8,01,00,0C,00,00,00,00,00
10:59:33.691 CAN::Logger:209134,0,300,0,0,8,03,5A,00,5A,32,00,32,FC
10:59:33.694 CAN::Logger:209134,0,301,0,0,3,B5,0C,00
10:59:33.699 CAN::Logger:209144,1,206,0,0,8,00,00,00,00,00,00,00,00
10:59:33.703 CAN::Logger:209154,0,404,0,0,2,04,00
10:59:33.707 CAN::Logger:209164,1,405,0,0,7,04,0,00,00,16,09,02
10:59:33.711 CAN::Logger:209184,0,404,0,0,2,B0,01
10:59:33.715 CAN::Logger:209184,1,405,0,0,6,B0,01,00,00,00,00
10:59:33.721 CAN::Logger:209184,0,300,0,0,8,03,5A,00,5A,32,00,32,FD
10:59:33.724 CAN::Logger:209184,0,301,0,0,3,4E,0D,00
10:59:33.728 CAN::Logger:209204,1,201,0,0,5,00,00,00,00,60
10:59:33.732 CAN::Logger:209214,1,401,0,0,8,3D,9C,00,00,46,00,00,00
10:59:33.738 CAN::Logger:209214,1,203,0,0,8,00,00,00,00,00,00,00,00
10:59:33.741 CAN::Logger:209214,0,404,0,0,2,B1,01
10:59:33.746 CAN::Logger:209214,1,405,0,0,6,B1,01,00,00,00,00
10:59:33.750 CAN::Logger:209234,1,400,0,0,8,01,00,0C,00,00,00,00,00
10:59:33.755 CAN::Logger:209234,0,300,0,0,8,03,5A,00,5A,32,00,32,FE
10:59:33.759 CAN::Logger:209234,0,301,0,0,3,1D,0E,00
10:59:33.763 CAN::Logger:209244,1,206,0,0,8,00,00,00,00,00,00,00,00
10:59:33.769 CAN::Logger:209284,0,300,0,0,8,03,5A,00,5A,32,00,32,FF
10:59:33.772 CAN::Logger:209284,0,301,0,0,3,E8,0F,00
10:59:33.776 CAN::Logger:209304,1,201,0,0,5,00,00,00,00,60
10:59:33.780 CAN::Logger:209314,1,401,0,0,8,3D,9C,00,00,46,00,00,00
10:59:33.785 CAN::Logger:209314,1,203,0,0,8,00,00,00,00,00,00,00,00
10:59:34.284 CAN::Logger:209334,1,400,0,0,8,01,00,0C,00,00,00,00,00
10:59:34.285 CAN::Logger:209334,0,300,0,0,8,03,5A,00,5A,32,00,32,30
10:59:34.286 CAN::Logger:209334,0,301,0,0,3,E2,00,00
10:59:34.291 CAN::Logger:209344,1,206,0,0,8,00,00,00,00,00,00,00,00
10:59:34.296 CAN::Logger:209384,0,300,0,0,8,03,5A,00,5A,32,00,32,31
10:59:34.300 CAN::Logger:209384,0,301,0,0,3,B3,01,00
10:59:34.304 CAN::Logger:209404,1,201,0,0,5,00,00,00,00,60
10:59:34.309 CAN::Logger:209414,1,401,0,0,8,3D,9C,00,00,46,00,00,00
10:59:34.314 CAN::Logger:209414,1,203,0,0,8,00,00,00,00,00,00,00,00
10:59:34.320 CAN::Logger:209434,1,400,0,0,8,01,00,0C,00,00,00,00,00
10:59:34.323 CAN::Logger:209434,0,300,0,0,8,03,5A,00,5A,32,00,32,32
10:59:34.327 CAN::Logger:209434,0,301,0,0,3,6B,02,00
10:59:34.332 CAN::Logger:209444,1,206,0,0,8,00,00,00,00,00,00,00,00
10:59:34.337 CAN::Logger:209484,0,300,0,0,8,03,5A,00,5A,32,00,32,33
10:59:34.341 CAN::Logger:209484,0,301,0,0,3,96,03,00
10:59:34.346 CAN::Logger:209494,1,402,0,0,8,4E,00,00,00,F8,AB,07,00
10:59:34.349 CAN::Logger:209504,1,201,0,0,5,00,00,00,00,60
10:59:34.355 CAN::Logger:209514,1,401,0,0,8,40,9C,00,00,46,00,00,00
10:59:34.360 CAN::Logger:209514,1,203,0,0,8,00,00,00,00,00,00,00,00
10:59:34.364 CAN::Logger:209534,1,400,0,0,8,01,00,0C,00,00,00,00,00
10:59:34.369 CAN::Logger:209534,0,300,0,0,8,03,5A,00,5A,32,00,32,74
10:59:34.372 CAN::Logger:209534,0,301,0,0,3,03,04,00
10:59:34.377 CAN::Logger:209544,1,206,0,0,8,00,00,00,00,00,00,00,00
10:59:34.383 CAN::Logger:209584,0,300,0,0,8,03,5A,00,5A,32,00,32,75
10:59:34.386 CAN::Logger:209584,0,301,0,0,3,54,05,00
10:59:34.390 CAN::Logger:209604,1,201,0,0,5,00,00,00,00,60
10:59:34.395 CAN::Logger:209614,1,401,0,0,8,40,9C,00,00,46,00,00,00
10:59:34.399 CAN::Logger:209614,1,203,0,0,8,00,00,00,00,00,00,00,00
10:59:34.405 CAN::Logger:209634,1,400,0,0,8,01,00,0C,00,00,00,00,00
10:59:34.410 CAN::Logger:209634,0,300,0,0,8,03,5A,00,5A,32,00,32,76
10:59:34.412 CAN::Logger:209634,0,301,0,0,3,F5,06,00
10:59:34.417 CAN::Logger:209644,1,206,0,0,8,00,00,00,00,00,00,00,00
10:59:34.422 CAN::Logger:209684,0,300,0,0,8,03,5A,00,5A,32,00,32,77
10:59:34.426 CAN::Logger:209684,0,301,0,0,3,B8,07,00
10:59:34.431 CAN::Logger:209704,1,201,0,0,5,00,00,00,00,60
10:59:34.435 CAN::Logger:209714,1,401,0,0,8,3D,9C,00,00,46,00,00,00
10:59:34.439 CAN::Logger:209714,1,203,0,0,8,00,00,00,00,00,00,00,00
10:59:34.445 CAN::Logger:209734,1,400,0,0,8,01,00,0C,00,00,00,00,00
10:59:34.449 CAN::Logger:209734,0,300,0,0,8,03,5A,00,5A,32,00,32,B8
10:59:34.453 CAN::Logger:209734,0,301,0,0,3,80,08,00
10:59:34.458 CAN::Logger:209744,1,206,0,0,8,00,00,00,00,00,00,00,00
10:59:34.462 CAN::Logger:209784,0,300,0,0,8,03,5A,00,5A,32,00,32,B9
10:59:34.466 CAN::Logger:209784,0,301,0,0,3,88,09,00
10:59:34.471 CAN::Logger:209804,1,201,0,0,5,00,00,00,00,60
10:59:34.475 CAN::Logger:209814,1,401,0,0,8,3D,9C,00,00,46,00,00,00
10:59:34.480 CAN::Logger:209814,1,203,0,0,8,00,00,00,00,00,00,00,00
10:59:34.485 CAN::Logger:209834,1,400,0,0,8,01,00,0C,00,00,00,00,00
10:59:34.490 CAN::Logger:209834,0,300,0,0,8,03,5A,00,5A,32,00,32,BA
10:59:34.493 CAN::Logger:209834,0,301,0,0,3,C6,0A,00
10:59:34.499 CAN::Logger:209844,1,206,0,0,8,00,00,00,00,00,00,00,00
10:59:34.504 CAN::Logger:209884,0,300,0,0,8,03,5A,00,5A,32,00,32,BB
10:59:34.506 CAN::Logger:209884,0,301,0,0,3,43,0B,00
10:59:34.510 CAN::Logger:209904,1,201,0,0,5,00,00,00,00,60
10:59:34.515 CAN::Logger:209914,1,401,0,0,8,3D,9C,00,00,46,00,00,00
10:59:34.520 CAN::Logger:209914,1,203,0,0,8,00,00,00,00,00,00,00,00
10:59:34.526 CAN::Logger:209934,1,400,0,0,8,01,00,0C,00,00,00,00,00
10:59:34.531 CAN::Logger:209934,0,300,0,0,8,03,5A,00,5A,32,00,32,FC
10:59:34.534 CAN::Logger:209934,0,301,0,0,3,B5,0C,00
10:59:34.539 CAN::Logger:209944,1,206,0,0,8,00,00,00,00,00,00,00,00
10:59:34.544 CAN::Logger:209984,0,300,0,0,8,03,5A,00,5A,32,00,32,FD
10:59:34.548 CAN::Logger:209984,0,301,0,0,3,4E,0D,00
10:59:34.552 CAN::Logger:209994,1,403,0,0,8,64,00,00,00,40,E3,09,00
10:59:34.556 CAN::Logger:210004,1,201,0,0,5,00,00,00,00,60
10:59:34.561 CAN::Logger:210014,1,401,0,0,8,3D,9C,00,00,46,00,00,00
10:59:34.566 CAN::Logger:210014,1,203,0,0,8,00,00,00,00,00,00,00,00
10:59:34.571 CAN::Logger:210024,1,204,0,0,8,00,00,00,00,00,00,00,00
10:59:34.576 CAN::Logger:210034,1,400,0,0,8,01,00,0C,00,00,00,00,00
10:59:34.580 CAN::Logger:210034,0,300,0,0,8,03,5A,00,5A,32,00,32,FE
10:59:34.584 CAN::Logger:210034,0,301,0,0,3,1D,0E,00
10:59:34.588 CAN::Logger:210044,1,206,0,0,8,00,00,00,00,00,00,00,00
10:59:34.593 CAN::Logger:210044,1,202,0,0,8,E2,1B,00,00,33,99,05,00
10:59:34.598 CAN::Logger:210054,1,666,0,0,8,52,08,05,00,52,95,36,02
10:59:34.604 CAN::Logger:210064,1,665,0,0,8,00,00,00,53,4C,18,53,00
10:59:34.608 CAN::Logger:210074,1,200,0,0,8,4E,00,F8,AB,07,00,01,00
10:59:34.614 CAN::Logger:210084,0,300,0,0,8,03,5A,00,5A,32,00,32,FF
10:59:34.616 CAN::Logger:210084,0,301,0,0,3,E8,0F,00
10:59:34.621 CAN::Logger:210104,1,201,0,0,5,00,00,00,00,60
10:59:34.625 CAN::Logger:210114,1,401,0,0,8,3D,9C,00,00,46,00,00,00
10:59:34.630 CAN::Logger:210114,1,203,0,0,8,00,00,00,00,00,00,00,00
10:59:34.635 CAN::Logger:210134,1,400,0,0,8,01,00,0C,00,00,00,00,00
10:59:34.640 CAN::Logger:210134,0,300,0,0,8,03,5A,00,5A,32,00,32,30
10:59:34.644 CAN::Logger:210134,0,301,0,0,3,E2,00,00
10:59:34.648 CAN::Logger:210144,1,206,0,0,8,00,00,00,00,00,00,00,00
10:59:34.653 CAN::Logger:210184,0,300,0,0,8,03,5A,00,5A,32,00,32,31
10:59:34.657 CAN::Logger:210184,0,301,0,0,3,B3,01,00
10:59:34.662 CAN::Logger:210204,1,201,0,0,5,00,00,00,00,60
10:59:34.666 CAN::Logger:210214,1,401,0,0,8,3D,9C,00,00,46,00,00,00
10:59:34.670 CAN::Logger:210214,1,203,0,0,8,00,00,00,00,00,00,00,00
10:59:34.675 CAN::Logger:210234,1,400,0,0,8,01,00,0C,00,00,00,00,00
10:59:34.681 CAN::Logger:210234,0,300,0,0,8,03,5A,00,5A,32,00,32,32
10:59:34.684 CAN::Logger:210234,0,301,0,0,3,6B,02,00
10:59:34.689 CAN::Logger:210244,1,206,0,0,8,00,00,00,00,00,00,00,00
10:59:34.694 CAN::Logger:210284,0,300,0,0,8,03,5A,00,5A,32,00,32,33
10:59:34.697 CAN::Logger:210284,0,301,0,0,3,96,03,00
10:59:34.701 CAN::Logger:210304,1,201,0,0,5,00,00,00,00,60
10:59:34.706 CAN::Logger:210314,1,203,0,0,8,00,00,00,00,00,00,00,00
10:59:34.712 CAN::Logger:210314,1,401,0,0,8,3D,9C,00,00,46,00,00,00
10:59:34.716 CAN::Logger:210334,1,400,0,0,8,01,00,0C,00,00,00,00,00
10:59:34.752 CAN::Logger:210334,0,300,0,0,8,03,5A,00,5A,32,00,32,74
10:59:34.823 CAN::Logger:210334,0,301,0,0,3,03,04,00
10:59:34.895 CAN::Logger:210434,0,301,0,0,3,F5,06,00
10:59:34.967 CAN::Logger:210534,1,400,0,0,8,01,00,0C,00,00,00,00,00
10:59:35.445 CAN::Logger:210544,1,206,0,0,8,00,00,00,00,00,00,00,00
10:59:35.514 CAN::Logger:210584,0,300,0,0,8,03,5A,00,5A,32,00,32,B9
