11:00:07.041 CAN::Logger:242554,1,206,0,0,8,00,00,00,00,00,00,00,00
11:00:07.045 CAN::Logger:242554,0,300,0,0,8,03,5A,64,5A,32,00,32,37
11:00:07.049 CAN::Logger:242554,0,301,0,0,3,F5,06,00
11:00:07.053 CAN::Logger:242574,1,402,0,0,8,4E,00,00,00,F8,AB,07,00
11:00:07.059 CAN::Logger:242594,1,401,0,0,8,3D,9C,00,00,47,00,00,00
11:00:07.063 CAN::Logger:242604,0,300,0,0,8,03,5A,64,5A,32,00,32,F8
11:00:07.067 CAN::Logger:242604,0,301,0,0,3,B8,07,00
11:00:07.072 CAN::Logger:242614,1,400,0,0,8,01,00,0C,00,00,00,00,00
11:00:07.076 CAN::Logger:242614,1,201,0,0,5,00,00,00,00,62
11:00:07.081 CAN::Logger:242624,1,203,0,0,8,00,00,00,00,00,00,00,00
11:00:07.086 CAN::Logger:242654,1,206,0,0,8,00,00,00,00,00,00,00,00
11:00:07.091 CAN::Logger:242654,0,300,0,0,8,03,5A,64,5A,32,00,32,F9
11:00:07.094 CAN::Logger:242654,0,301,0,0,3,80,08,00
11:00:07.099 CAN::Logger:242694,1,401,0,0,8,3D,9C,00,00,47,00,00,00
11:00:07.103 CAN::Logger:242704,0,300,0,0,8,03,5A,64,5A,32,00,32,FA
11:00:07.107 CAN::Logger:242704,0,301,0,0,3,88,09,00
11:00:07.112 CAN::Logger:242714,1,400,0,0,8,01,00,0C,00,00,00,00,00
11:00:07.116 CAN::Logger:242714,1,201,0,0,5,00,00,00,00,62
11:00:07.121 CAN::Logger:242724,1,203,0,0,8,00,00,00,00,00,00,00,00
11:00:07.126 CAN::Logger:242754,1,206,0,0,8,00,00,00,00,00,00,00,00
11:00:07.131 CAN::Logger:242754,0,300,0,0,8,03,5A,64,5A,32,00,32,FB
11:00:07.134 CAN::Logger:242754,0,301,0,0,3,C6,0A,00
11:00:07.139 CAN::Logger:242794,1,401,0,0,8,3D,9C,00,00,47,00,00,00
11:00:07.144 CAN::Logger:242804,0,300,0,0,8,03,5A,64,5A,32,00,32,BC
11:00:07.148 CAN::Logger:242804,0,301,0,0,3,43,0B,00
11:00:07.152 CAN::Logger:242814,1,400,0,0,8,01,00,0C,00,00,00,00,00
11:00:07.157 CAN::Logger:242814,1,201,0,0,5,00,00,00,00,62
11:00:07.161 CAN::Logger:242824,1,203,0,0,8,00,00,00,00,00,00,00,00
11:00:07.167 CAN::Logger:242854,1,206,0,0,8,00,00,00,00,00,00,00,00
11:00:07.171 CAN::Logger:242854,0,300,0,0,8,03,5A,64,5A,32,00,32,BD
11:00:07.174 CAN::Logger:242854,0,301,0,0,3,B5,0C,00
11:00:07.180 CAN::Logger:242894,1,401,0,0,8,3D,9C,00,00,47,00,00,00
11:00:07.185 CAN::Logger:242904,0,300,0,0,8,03,5A,64,5A,32,00,32,BE
11:00:07.189 CAN::Logger:242904,0,301,0,0,3,4E,0D,00
11:00:07.194 CAN::Logger:242914,1,400,0,0,8,01,00,0C,00,00,00,00,00
11:00:07.198 CAN::Logger:242914,1,201,0,0,5,00,00,00,00,62
11:00:07.202 CAN::Logger:242924,1,203,0,0,8,00,00,00,00,00,00,00,00
11:00:07.202 CAN::Logger:242954,1,206,0,0,8,00,00,00,00,00,00,00,00
11:00:07.211 CAN::Logger:242954,0,300,0,0,8,03,5A,64,5A,32,00,32,BF
11:00:07.216 CAN::Logger:242954,0,301,0,0,3,1D,0E,00
11:00:07.221 CAN::Logger:242994,1,401,0,0,8,3D,9C,00,00,47,00,00,00
11:00:07.225 CAN::Logger:243004,0,300,0,0,8,03,5A,64,5A,32,00,32,70
11:00:07.228 CAN::Logger:243004,0,301,0,0,3,E8,0F,00
11:00:07.233 CAN::Logger:243014,1,400,0,0,8,01,00,0C,00,00,00,00,00
11:00:07.237 CAN::Logger:243014,1,201,0,0,5,00,00,00,00,62
11:00:07.242 CAN::Logger:243024,1,203,0,0,8,00,00,00,00,00,00,00,00
11:00:07.247 CAN::Logger:243034,1,204,0,0,8,00,00,00,00,00,00,00,00
11:00:07.252 CAN::Logger:243054,1,206,0,0,8,00,00,00,00,00,00,00,00
11:00:07.256 CAN::Logger:243054,1,202,0,0,8,E2,1D,00,00,33,99,05,00
11:00:07.261 CAN::Logger:243054,0,300,0,0,8,03,5A,64,5A,32,00,32,71
11:00:07.265 CAN::Logger:243054,0,301,0,0,3,E2,00,00
11:00:07.270 CAN::Logger:243064,1,666,0,0,8,52,08,05,00,52,95,36,02
11:00:07.275 CAN::Logger:243074,1,403,0,0,8,64,00,00,00,40,E3,09,00
11:00:07.280 CAN::Logger:243074,1,665,0,0,8,00,00,00,53,4C,18,53,00
11:00:07.284 CAN::Logger:243084,1,200,0,0,8,4E,00,F8,AB,07,00,00,00
11:00:07.289 CAN::Logger:243094,1,401,0,0,8,3D,9C,00,00,47,00,00,00
11:00:07.294 CAN::Logger:243104,0,300,0,0,8,03,5A,64,5A,32,00,32,72
11:00:07.299 CAN::Logger:243104,0,301,0,0,3,B3,01,00
11:00:07.302 CAN::Logger:243114,1,400,0,0,8,01,00,0C,00,00,00,00,00
11:00:07.307 CAN::Logger:243114,1,201,0,0,5,00,00,00,00,62
11:00:07.312 CAN::Logger:243124,1,203,0,0,8,00,00,00,00,00,00,00,00
11:00:07.316 CAN::Logger:243154,1,206,0,0,8,00,00,00,00,00,00,00,00
11:00:07.321 CAN::Logger:243154,0,300,0,0,8,03,5A,64,5A,32,00,32,73
11:00:07.325 CAN::Logger:243154,0,301,0,0,3,6B,02,00
11:00:07.330 CAN::Logger:243194,1,401,0,0,8,3D,9C,00,00,47,00,00,00
11:00:07.335 CAN::Logger:243204,0,300,0,0,8,03,5A,64,5A,32,00,32,34
11:00:07.338 CAN::Logger:243204,0,301,0,0,3,96,03,00
11:00:07.344 CAN::Logger:243214,1,400,0,0,8,01,00,0C,00,00,00,00,00
11:00:07.348 CAN::Logger:243214,1,201,0,0,5,00,00,00,00,62
11:00:07.352 CAN::Logger:243224,1,203,0,0,8,00,00,00,00,00,00,00,00
11:00:07.844 CAN::Logger:243254,1,206,0,0,8,00,00,00,00,00,00,00,00
11:00:07.845 CAN::Logger:243254,0,300,0,0,8,03,5A,64,5A,32,00,32,35
11:00:07.846 CAN::Logger:243254,0,301,0,0,3,03,04,00
11:00:07.851 CAN::Logger:243294,1,401,0,0,8,3D,9C,00,00,47,00,00,00
11:00:07.857 CAN::Logger:243304,0,300,0,0,8,03,5A,64,5A,32,00,32,36
11:00:07.859 CAN::Logger:243304,0,301,0,0,3,54,05,00
11:00:07.864 CAN::Logger:243314,1,400,0,0,8,01,00,0C,00,00,00,00,00
11:00:07.868 CAN::Logger:243314,1,201,0,0,5,00,00,00,00,62
11:00:07.873 CAN::Logger:243324,1,203,0,0,8,00,00,00,00,00,00,00,00
11:00:07.879 CAN::Logger:243354,1,206,0,0,8,00,00,00,00,00,00,00,00
11:00:07.883 CAN::Logger:243354,0,300,0,0,8,03,5A,64,5A,32,00,32,37
11:00:07.886 CAN::Logger:243354,0,301,0,0,3,F5,06,00
11:00:07.892 CAN::Logger:243394,1,401,0,0,8,3D,9C,00,00,46,00,00,00
11:00:07.896 CAN::Logger:243404,0,300,0,0,8,03,5A,64,5A,32,00,32,F8
11:00:07.900 CAN::Logger:243404,0,301,0,0,3,B8,07,00
11:00:07.904 CAN::Logger:243414,1,400,0,0,8,01,00,0C,00,00,00,00,00
11:00:07.908 CAN::Logger:243414,1,201,0,0,5,00,00,00,00,62
11:00:07.913 CAN::Logger:243424,1,203,0,0,8,00,00,00,00,00,00,00,00
11:00:07.918 CAN::Logger:243454,1,206,0,0,8,00,00,00,00,00,00,00,00
11:00:07.924 CAN::Logger:243454,0,300,0,0,8,03,5A,64,5A,32,00,32,F9
11:00:07.928 CAN::Logger:243454,0,301,0,0,3,80,08,00
11:00:07.932 CAN::Logger:243494,1,401,0,0,8,3D,9C,00,00,46,00,00,00
11:00:07.936 CAN::Logger:243504,0,300,0,0,8,03,5A,64,5A,32,00,32,FA
11:00:07.940 CAN::Logger:243504,0,301,0,0,3,88,09,00
11:00:07.946 CAN::Logger:243514,1,400,0,0,8,01,00,0C,00,00,00,00,00
11:00:07.949 CAN::Logger:243514,1,201,0,0,5,00,00,00,00,62
11:00:07.955 CAN::Logger:243524,1,203,0,0,8,00,00,00,00,00,00,00,00
11:00:07.960 CAN::Logger:243554,1,206,0,0,8,00,00,00,00,00,00,00,00
11:00:07.963 CAN::Logger:243554,0,300,0,0,8,03,5A,64,5A,32,00,32,FB
11:00:07.967 CAN::Logger:243554,0,301,0,0,3,C6,0A,00
11:00:07.972 CAN::Logger:243574,1,402,0,0,8,4E,00,00,00,F8,AB,07,00
11:00:07.978 CAN::Logger:243594,1,401,0,0,8,3D,9C,00,00,46,00,00,00
11:00:07.983 CAN::Logger:243604,0,300,0,0,8,03,5A,64,5A,32,00,32,BC
11:00:07.985 CAN::Logger:243604,0,301,0,0,3,43,0B,00
11:00:07.991 CAN::Logger:243614,1,400,0,0,8,01,00,0C,00,00,00,00,00
11:00:07.994 CAN::Logger:243614,1,201,0,0,5,00,00,00,00,62
11:00:08.000 CAN::Logger:243624,1,203,0,0,8,00,00,00,00,00,00,00,00
11:00:08.004 CAN::Logger:243654,1,206,0,0,8,00,00,00,00,00,00,00,00
11:00:08.010 CAN::Logger:243654,0,300,0,0,8,03,5A,64,5A,32,00,32,BD
11:00:08.013 CAN::Logger:243654,0,301,0,0,3,B5,0C,00
11:00:08.018 CAN::Logger:243694,1,401,0,0,8,3D,9C,00,00,46,00,00,00
11:00:08.022 CAN::Logger:243704,0,300,0,0,8,03,5A,64,5A,32,00,32,BE
11:00:08.025 CAN::Logger:243704,0,301,0,0,3,4E,0D,00
11:00:08.030 CAN::Logger:243714,1,400,0,0,8,01,00,0C,00,00,00,00,00
11:00:08.034 CAN::Logger:243714,1,201,0,0,5,00,00,00,00,62
11:00:08.040 CAN::Logger:243724,1,203,0,0,8,00,00,00,00,00,00,00,00
11:00:08.044 CAN::Logger:243754,1,206,0,0,8,00,00,00,00,00,00,00,00
11:00:08.050 CAN::Logger:243754,0,300,0,0,8,03,5A,64,5A,32,00,32,BF
11:00:08.053 CAN::Logger:243754,0,301,0,0,3,1D,0E,00
11:00:08.057 CAN::Logger:243794,1,401,0,0,8,3D,9C,00,00,46,00,00,00
11:00:08.063 CAN::Logger:243804,0,300,0,0,8,03,5A,64,5A,32,00,32,70
11:00:08.067 CAN::Logger:243804,0,301,0,0,3,E8,0F,00
11:00:08.072 CAN::Logger:243814,1,400,0,0,8,01,00,0C,00,00,00,00,00
11:00:08.076 CAN::Logger:243814,1,201,0,0,5,00,00,00,00,62
11:00:08.081 CAN::Logger:243824,1,203,0,0,8,00,00,00,00,00,00,00,00
11:00:08.085 CAN::Logger:243854,1,206,0,0,8,00,00,00,00,00,00,00,00
11:00:08.089 CAN::Logger:243854,0,300,0,0,8,03,5A,64,5A,32,00,32,71
11:00:08.094 CAN::Logger:243854,0,301,0,0,3,E2,00,00
11:00:08.098 CAN::Logger:243894,1,401,0,0,8,3D,9C,00,00,46,00,00,00
11:00:08.104 CAN::Logger:243904,0,300,0,0,8,03,5A,64,5A,32,00,32,72
11:00:08.106 CAN::Logger:243904,0,301,0,0,3,B3,01,00
11:00:08.111 CAN::Logger:243914,1,400,0,0,8,01,00,0C,00,00,00,00,00
11:00:08.115 CAN::Logger:243914,1,201,0,0,5,00,00,00,00,62
11:00:08.121 CAN::Logger:243924,1,203,0,0,8,00,00,00,00,00,00,00,00
11:00:08.125 CAN::Logger:243954,1,206,0,0,8,00,00,00,00,00,00,00,00
11:00:08.131 CAN::Logger:243954,0,300,0,0,8,03,5A,64,5A,32,00,32,73
11:00:08.133 CAN::Logger:243954,0,301,0,0,3,6B,02,00
11:00:08.139 CAN::Logger:243994,1,401,0,0,8,3D,9C,00,00,46,00,00,00
11:00:08.143 CAN::Logger:244004,0,300,0,0,8,03,5A,64,5A,32,00,32,34
11:00:08.147 CAN::Logger:244004,0,301,0,0,3,96,03,00
11:00:08.151 CAN::Logger:244014,1,400,0,0,8,01,00,0C,00,00,00,00,00
11:00:08.156 CAN::Logger:244014,1,201,0,0,5,00,00,00,00,62
11:00:08.160 CAN::Logger:244024,1,203,0,0,8,00,00,00,00,00,00,00,00
11:00:08.165 CAN::Logger:244034,1,204,0,0,8,00,00,00,00,00,00,00,00
11:00:08.171 CAN::Logger:244054,1,206,0,0,8,00,00,00,00,00,00,00,00
11:00:08.175 CAN::Logger:244054,1,202,0,0,8,E2,1D,00,00,33,99,05,00
11:00:08.180 CAN::Logger:244054,0,300,0,0,8,03,5A,64,5A,32,00,32,35
11:00:08.184 CAN::Logger:244054,0,301,0,0,3,03,04,00
11:00:08.188 CAN::Logger:244074,1,403,0,0,8,64,00,00,00,40,E3,09,00
11:00:08.194 CAN::Logger:244094,1,401,0,0,8,3B,9C,00,00,46,00,00,00
11:00:08.684 CAN::Logger:244104,0,300,0,0,8,03,5A,64,5A,32,00,32,36
11:00:08.685 CAN::Logger:244104,0,301,0,0,3,54,05,00
11:00:08.686 CAN::Logger:244114,1,400,0,0,8,01,00,0C,00,00,00,00,00
11:00:08.690 CAN::Logger:244114,1,201,0,0,5,00,00,00,00,62
11:00:08.695 CAN::Logger:244124,1,203,0,0,8,00,00,00,00,00,00,00,00
11:00:08.700 CAN::Logger:244154,1,206,0,0,8,00,00,00,00,00,00,00,00
11:00:08.706 CAN::Logger:244154,0,300,0,0,8,03,5A,64,5A,32,00,32,37
11:00:08.708 CAN::Logger:244154,0,301,0,0,3,F5,06,00
11:00:08.714 CAN::Logger:244194,1,401,0,0,8,3B,9C,00,00,46,00,00,00
11:00:08.718 CAN::Logger:244204,0,300,0,0,8,03,5A,64,5A,32,00,32,F8
11:00:08.722 CAN::Logger:244204,0,301,0,0,3,B8,07,00
11:00:08.727 CAN::Logger:244214,1,400,0,0,8,01,00,0C,00,00,00,00,00
11:00:08.730 CAN::Logger:244214,1,201,0,0,5,00,00,00,00,62
11:00:08.735 CAN::Logger:244224,1,203,0,0,8,00,00,00,00,00,00,00,00
11:00:08.741 CAN::Logger:244254,1,206,0,0,8,00,00,00,00,00,00,00,00
11:00:08.745 CAN::Logger:244254,0,300,0,0,8,03,5A,64,5A,32,00,32,F9
11:00:08.748 CAN::Logger:244254,0,301,0,0,3,80,08,00
11:00:08.754 CAN::Logger:244294,1,401,0,0,8,3D,9C,00,00,46,00,00,00
11:00:08.758 CAN::Logger:244304,0,300,0,0,8,03,5A,64,5A,32,00,32,FA
11:00:08.763 CAN::Logger:244304,0,301,0,0,3,88,09,00
11:00:08.768 CAN::Logger:244314,1,400,0,0,8,01,00,0C,00,00,00,00,00
11:00:08.771 CAN::Logger:244314,1,201,0,0,5,00,00,00,00,62
11:00:08.777 CAN::Logger:244324,1,203,0,0,8,00,00,00,00,00,00,00,00
11:00:08.781 CAN::Logger:244354,1,206,0,0,8,00,00,00,00,00,00,00,00
11:00:08.785 CAN::Logger:244354,0,300,0,0,8,03,5A,64,5A,32,00,32,FB
11:00:08.790 CAN::Logger:244354,0,301,0,0,3,C6,0A,00
11:00:08.794 CAN::Logger:244394,1,401,0,0,8,3D,9C,00,00,47,00,00,00
11:00:08.799 CAN::Logger:244404,0,300,0,0,8,03,5A,64,5A,32,00,32,BC
11:00:08.802 CAN::Logger:244404,0,301,0,0,3,43,0B,00
11:00:08.806 CAN::Logger:244414,1,201,0,0,5,00,00,00,00,62
11:00:08.811 CAN::Logger:244414,1,400,0,0,8,01,00,0C,00,00,00,00,00
11:00:08.816 CAN::Logger:244424,1,203,0,0,8,00,00,00,00,00,00,00,00
11:00:08.821 CAN::Logger:244454,1,206,0,0,8,00,00,00,00,00,00,00,00
11:00:08.826 CAN::Logger:244454,0,300,0,0,8,03,5A,64,5A,32,00,32,BD
11:00:08.830 CAN::Logger:244454,0,301,0,0,3,B5,0C,00
11:00:08.834 CAN::Logger:244494,1,401,0,0,8,3D,9C,00,00,47,00,00,00
11:00:08.840 CAN::Logger:244504,0,300,0,0,8,03,5A,64,5A,32,00,32,BE
11:00:08.843 CAN::Logger:244504,0,301,0,0,3,4E,0D,00
11:00:08.847 CAN::Logger:244514,1,201,0,0,5,00,00,00,00,62
11:00:08.851 CAN::Logger:244514,1,400,0,0,8,01,00,0C,00,00,00,00,00
11:00:08.857 CAN::Logger:244524,1,203,0,0,8,00,00,00,00,00,00,00,00
11:00:08.861 CAN::Logger:244554,1,206,0,0,8,00,00,00,00,00,00,00,00
11:00:08.866 CAN::Logger:244554,0,300,0,0,8,03,5A,64,5A,32,00,32,BF
11:00:08.870 CAN::Logger:244554,0,301,0,0,3,1D,0E,00
11:00:08.874 CAN::Logger:244574,1,402,0,0,8,4E,00,00,00,F8,AB,07,00
11:00:08.881 CAN::Logger:244594,1,401,0,0,8,3D,9C,00,00,47,00,00,00
11:00:08.885 CAN::Logger:244604,0,300,0,0,8,03,5A,64,5A,32,00,32,70
11:00:08.888 CAN::Logger:244604,0,301,0,0,3,E8,0F,00
11:00:08.893 CAN::Logger:244614,1,201,0,0,5,00,00,00,00,62
11:00:08.897 CAN::Logger:244614,1,400,0,0,8,01,00,0C,00,00,00,00,00
11:00:08.902 CAN::Logger:244624,1,203,0,0,8,00,00,00,00,00,00,00,00
11:00:08.907 CAN::Logger:244654,1,206,0,0,8,00,00,00,00,00,00,00,00
11:00:08.911 CAN::Logger:244654,0,300,0,0,8,03,5A,64,5A,32,00,32,71
11:00:08.915 CAN::Logger:244654,0,301,0,0,3,E2,00,00
11:00:08.921 CAN::Logger:244694,1,401,0,0,8,3D,9C,00,00,47,00,00,00
11:00:08.925 CAN::Logger:244704,0,300,0,0,8,03,5A,64,5A,32,00,32,72
11:00:08.929 CAN::Logger:244704,0,301,0,0,3,B3,01,00
11:00:08.932 CAN::Logger:244714,1,201,0,0,5,00,00,00,00,62
11:00:08.937 CAN::Logger:244714,1,400,0,0,8,01,00,0C,00,00,00,00,00
11:00:08.943 CAN::Logger:244724,1,203,0,0,8,00,00,00,00,00,00,00,00
11:00:08.948 CAN::Logger:244754,1,206,0,0,8,00,00,00,00,00,00,00,00
11:00:08.952 CAN::Logger:244754,0,300,0,0,8,03,5A,64,5A,32,00,32,73
11:00:08.955 CAN::Logger:244754,0,301,0,0,3,6B,02,00
11:00:08.960 CAN::Logger:244794,1,401,0,0,8,3D,9C,00,00,47,00,00,00
11:00:08.965 CAN::Logger:244804,0,300,0,0,8,03,5A,64,5A,32,00,32,34
11:00:08.969 CAN::Logger:244804,0,301,0,0,3,96,03,00
11:00:08.972 CAN::Logger:244814,1,201,0,0,5,00,00,00,00,62
11:00:08.977 CAN::Logger:244814,1,400,0,0,8,01,00,0C,00,00,00,00,00
11:00:08.982 CAN::Logger:244824,1,203,0,0,8,00,00,00,00,00,00,00,00
11:00:08.987 CAN::Logger:244854,1,206,0,0,8,00,00,00,00,00,00,00,00
11:00:08.992 CAN::Logger:244854,0,300,0,0,8,03,5A,64,5A,32,00,32,35
11:00:08.996 CAN::Logger:244854,0,301,0,0,3,03,04,00
11:00:09.001 CAN::Logger:244894,1,401,0,0,8,3D,9C,00,00,46,00,00,00
11:00:09.006 CAN::Logger:244904,0,300,0,0,8,03,5A,64,5A,32,00,32,36
11:00:09.009 CAN::Logger:244904,0,301,0,0,3,54,05,00
11:00:09.014 CAN::Logger:244914,1,201,0,0,5,00,00,00,00,62
11:00:09.018 CAN::Logger:244914,1,400,0,0,8,01,00,0C,00,00,00,00,00
11:00:09.024 CAN::Logger:244924,1,203,0,0,8,00,00,00,00,00,00,00,00
11:00:09.514 CAN::Logger:244954,1,206,0,0,8,00,00,00,00,00,00,00,00
11:00:09.515 CAN::Logger:244954,0,300,0,0,8,03,5A,64,5A,32,00,32,37
11:00:09.516 CAN::Logger:244954,0,301,0,0,3,F5,06,00
11:00:09.521 CAN::Logger:244994,1,401,0,0,8,3D,9C,00,00,46,00,00,00
11:00:09.526 CAN::Logger:245004,0,300,0,0,8,03,5A,64,5A,32,00,32,F8
11:00:09.529 CAN::Logger:245004,0,301,0,0,3,B8,07,00
11:00:09.533 CAN::Logger:245014,1,201,0,0,5,00,00,00,00,62
11:00:09.538 CAN::Logger:245014,1,400,0,0,8,01,00,0C,00,00,00,00,00
11:00:09.544 CAN::Logger:245024,1,203,0,0,8,00,00,00,00,00,00,00,00
11:00:09.546 CAN::Logger:245034,0,404,0,0,2,4A,00
11:00:09.552 CAN::Logger:245034,1,405,0,0,8,4A,00,00,00,06,00,00,00
11:00:09.556 CAN::Logger:245034,1,204,0,0,8,00,00,00,00,00,00,00,00
11:00:09.561 CAN::Logger:245054,1,206,0,0,8,00,00,00,00,00,00,00,00
11:00:09.567 CAN::Logger:245054,1,202,0,0,8,E2,1C,00,00,33,99,05,00
11:00:09.571 CAN::Logger:245054,0,300,0,0,8,03,5A,64,5A,32,00,32,F9
11:00:09.574 CAN::Logger:245054,0,301,0,0,3,80,08,00
11:00:09.578 CAN::Logger:245064,0,404,0,0,2,02,30
11:00:09.583 CAN::Logger:245064,1,405,0,0,7,02,48,00,00,00,00,00
11:00:09.588 CAN::Logger:245074,1,403,0,0,8,64,00,00,00,40,E3,09,00
11:00:09.593 CAN::Logger:245084,0,100,0,0,8,04,2E,02,0D,00,00,00,00
11:00:09.597 CAN::Logger:245084,1,101,0,0,8,03,6E,02,0D,E0,B4,1B,02
11:00:09.600 CAN::Logger:245094,0,404,0,0,2,44,00
11:00:09.605 CAN::Logger:245094,1,405,0,0,6,44,00,00,00,50,46
11:00:09.609 CAN::Logger:245094,1,401,0,0,8,3D,9C,00,00,47,00,00,00
11:00:09.615 CAN::Logger:245104,0,300,0,0,8,03,5A,64,5A,32,00,32,FA
11:00:09.618 CAN::Logger:245104,0,301,0,0,3,88,09,00
11:00:09.623 CAN::Logger:245114,1,201,0,0,5,00,00,00,00,62
11:00:09.626 CAN::Logger:245114,1,400,0,0,8,01,00,0C,00,00,00,00,00
11:00:09.631 CAN::Logger:245124,0,404,0,0,2,01,00
11:00:09.635 CAN::Logger:245124,1,405,0,0,8,01,00,00,00,00,04,06,04
11:00:09.639 CAN::Logger:245124,1,203,0,0,8,00,00,00,00,00,00,00,00
11:00:09.644 CAN::Logger:245154,1,206,0,0,8,00,00,00,00,00,00,00,00
11:00:09.648 CAN::Logger:245154,0,404,0,0,2,A3,01
11:00:09.653 CAN::Logger:245154,1,405,0,0,5,A3,01,00,00,06
11:00:09.658 CAN::Logger:245154,0,300,0,0,8,03,5A,64,5A,32,00,32,FB
11:00:09.660 CAN::Logger:245154,0,301,0,0,3,C6,0A,00
11:00:09.663 CAN::Logger:245194,0,404,0,0,2,20,00
11:00:09.668 CAN::Logger:245194,0,100,0,0,8,05,2E,02,07,78,1E,00,00
11:00:09.674 CAN::Logger:245194,1,405,0,0,8,20,00,00,00,32,33,36,47
11:00:09.679 CAN::Logger:245194,1,101,0,0,8,03,6E,02,07,E0,B3,FF,02
11:00:09.683 CAN::Logger:245194,1,401,0,0,8,3D,9C,00,00,47,00,00,00
11:00:09.689 CAN::Logger:245204,0,300,0,0,8,03,5A,64,5A,32,00,32,BC
11:00:09.691 CAN::Logger:245204,0,301,0,0,3,43,0B,00
11:00:09.695 CAN::Logger:245214,1,201,0,0,5,00,00,00,00,62
11:00:09.701 CAN::Logger:245214,1,400,0,0,8,01,00,0C,00,00,00,00,00
11:00:09.704 CAN::Logger:245214,0,404,0,0,2,21,00
11:00:09.709 CAN::Logger:245214,1,405,0,0,8,21,00,00,00,35,4C,41,31
11:00:09.714 CAN::Logger:245224,1,203,0,0,8,00,00,00,00,00,00,00,00
11:00:09.717 CAN::Logger:245244,0,404,0,0,2,22,00
11:00:09.722 CAN::Logger:245244,1,405,0,0,8,22,00,00,00,30,30,34,52
11:00:09.727 CAN::Logger:245254,1,206,0,0,8,00,00,00,00,00,00,00,00
11:00:09.731 CAN::Logger:245254,0,300,0,0,8,03,5A,64,5A,32,00,32,BD
11:00:09.736 CAN::Logger:245254,0,301,0,0,3,B5,0C,00
11:00:09.738 CAN::Logger:245274,0,404,0,0,2,23,00
11:00:09.743 CAN::Logger:245284,1,405,0,0,8,23,00,00,00,4D,30,30,30
11:00:09.748 CAN::Logger:245294,1,401,0,0,8,3B,9C,00,00,47,00,00,00
11:00:09.753 CAN::Logger:245304,0,300,0,0,8,03,5A,64,5A,32,00,32,BE
11:00:09.756 CAN::Logger:245304,0,301,0,0,3,4E,0D,00
11:00:09.759 CAN::Logger:245314,0,404,0,0,2,24,00
11:00:09.765 CAN::Logger:245314,1,405,0,0,8,24,00,00,00,30,30,30,30
11:00:09.768 CAN::Logger:245314,1,201,0,0,5,00,00,00,00,62
11:00:09.774 CAN::Logger:245314,1,400,0,0,8,01,00,0C,00,00,00,00,00
11:00:09.778 CAN::Logger:245324,1,203,0,0,8,00,00,00,00,00,00,00,00
11:00:09.781 CAN::Logger:245344,0,404,0,0,2,25,00
11:00:09.786 CAN::Logger:245344,1,405,0,0,8,25,00,00,00,30,30,30,30
11:00:09.792 CAN::Logger:245354,1,206,0,0,8,00,00,00,00,00,00,00,00
11:00:09.797 CAN::Logger:245354,0,300,0,0,8,03,5A,64,5A,32,00,32,BF
11:00:09.800 CAN::Logger:245354,0,301,0,0,3,1D,0E,00
11:00:09.804 CAN::Logger:245374,0,404,0,0,2,26,00
11:00:09.808 CAN::Logger:245374,1,405,0,0,8,26,00,00,00,30,30,30,30
11:00:09.813 CAN::Logger:245394,1,401,0,0,8,3B,9C,00,00,47,00,00,00
11:00:09.816 CAN::Logger:245404,0,404,0,0,2,27,00
11:00:09.820 CAN::Logger:245404,1,405,0,0,6,27,00,00,00,30,30
11:00:09.825 CAN::Logger:245404,0,300,0,0,8,03,5A,64,5A,32,00,32,70
11:00:09.830 CAN::Logger:245404,0,301,0,0,3,E8,0F,00
11:00:09.834 CAN::Logger:245414,1,201,0,0,5,00,00,00,00,62
11:00:09.838 CAN::Logger:245414,1,400,0,0,8,01,00,0C,00,00,00,00,00
11:00:09.842 CAN::Logger:245424,1,203,0,0,8,00,00,00,00,00,00,00,00
11:00:09.846 CAN::Logger:245434,0,404,0,0,2,4C,00
11:00:09.852 CAN::Logger:245434,1,405,0,0,8,4C,00,00,00,01,24,00,00
11:00:09.856 CAN::Logger:245454,1,206,0,0,8,00,00,00,00,00,00,00,00
11:00:09.861 CAN::Logger:245454,0,300,0,0,8,03,5A,64,5A,32,00,32,71
11:00:09.865 CAN::Logger:245454,0,301,0,0,3,E2,00,00
11:00:09.868 CAN::Logger:245464,0,404,0,0,2,46,00
11:00:09.872 CAN::Logger:245464,1,405,0,0,5,46,00,00,00,00
11:00:09.877 CAN::Logger:245494,1,401,0,0,8,3B,9C,00,00,47,00,00,00
11:00:09.880 CAN::Logger:245504,0,404,0,0,2,4D,00
11:00:09.884 CAN::Logger:245504,0,404,0,0,5,02,30,00,00,00
11:00:09.888 CAN::Logger:245504,1,405,0,0,8,4D,00,00,00,00,00,00,00
11:00:09.894 CAN::Logger:245504,1,405,0,0,7,02,48,00,00,00,00,00
11:00:09.898 CAN::Logger:245504,0,300,0,0,8,03,5A,64,5A,32,00,32,72
11:00:09.902 CAN::Logger:245504,0,301,0,0,3,B3,01,00
11:00:09.906 CAN::Logger:245514,1,201,0,0,5,00,00,00,00,62
11:00:09.911 CAN::Logger:245514,1,400,0,0,8,01,00,0C,00,00,00,00,00
11:00:09.916 CAN::Logger:245524,0,100,0,0,8,05,2E,02,06,D0,07,00,00
11:00:09.921 CAN::Logger:245524,1,101,0,0,8,03,6E,02,06,E0,B3,F8,02
11:00:09.926 CAN::Logger:245524,0,100,0,0,8,03,22,02,06,00,00,00,00
11:00:09.931 CAN::Logger:245524,1,101,0,0,8,05,62,02,06,D0,07,E0,AA
11:00:09.935 CAN::Logger:245524,1,203,0,0,8,00,00,00,00,00,00,00,00
11:00:09.938 CAN::Logger:245524,0,404,0,0,2,50,00
11:00:09.943 CAN::Logger:245534,1,405,0,0,8,50,00,00,00,ED,00,F0,00
11:00:09.949 CAN::Logger:245554,1,206,0,0,8,00,00,00,00,00,00,00,00
11:00:09.953 CAN::Logger:245554,0,300,0,0,8,03,5A,64,5A,32,00,32,73
11:00:09.956 CAN::Logger:245554,0,301,0,0,3,6B,02,00
11:00:09.959 CAN::Logger:245564,0,404,0,0,2,02,00
11:00:09.965 CAN::Logger:245564,1,405,0,0,8,02,00,00,00,53,49,43,54
11:00:09.970 CAN::Logger:245574,1,402,0,0,8,4E,00,00,00,F8,AB,07,00
11:00:09.972 CAN::Logger:245594,0,404,0,0,2,0A,00
11:00:09.977 CAN::Logger:245594,1,405,0,0,8,0A,00,00,00,30,3A,00,00
11:00:09.982 CAN::Logger:245594,1,401,0,0,8,3B,9C,00,00,47,00,00,00
11:00:09.988 CAN::Logger:245604,0,300,0,0,8,03,5A,64,5A,32,00,32,34
11:00:09.990 CAN::Logger:245604,0,301,0,0,3,96,03,00
11:00:09.995 CAN::Logger:245614,1,201,0,0,5,00,00,00,00,62
11:00:10.001 CAN::Logger:245614,1,400,0,0,8,01,00,0C,00,00,00,00,00
11:00:10.003 CAN::Logger:245624,0,404,0,0,2,04,00
11:00:10.008 CAN::Logger:245624,1,405,0,0,7,04,0,00,00,16,09,02
11:00:10.012 CAN::Logger:245624,1,203,0,0,8,00,00,00,00,00,00,00,00
11:00:10.018 CAN::Logger:245654,1,206,0,0,8,00,00,00,00,00,00,00,00
11:00:10.023 CAN::Logger:245654,0,300,0,0,8,03,5A,64,5A,32,00,32,35
11:00:10.025 CAN::Logger:245654,0,301,0,0,3,03,04,00
11:00:10.029 CAN::Logger:245654,0,404,0,0,2,B0,01
11:00:10.034 CAN::Logger:245664,1,405,0,0,6,B0,01,00,00,00,00
11:00:10.036 CAN::Logger:245684,0,404,0,0,2,B1,01
11:00:10.041 CAN::Logger:245684,1,405,0,0,6,B1,01,00,00,00,00
11:00:10.046 CAN::Logger:245694,1,401,0,0,8,3B,9C,00,00,47,00,00,00
11:00:10.051 CAN::Logger:245704,0,300,0,0,8,03,5A,64,5A,32,00,32,36
11:00:10.054 CAN::Logger:245704,0,301,0,0,3,54,05,00
11:00:10.058 CAN::Logger:245714,1,201,0,0,5,00,00,00,00,62
11:00:10.064 CAN::Logger:245714,1,400,0,0,8,01,00,0C,00,00,00,00,00
11:00:10.069 CAN::Logger:245724,1,203,0,0,8,00,00,00,00,00,00,00,00
11:00:10.073 CAN::Logger:245754,1,206,0,0,8,00,00,00,00,00,00,00,00
11:00:10.078 CAN::Logger:245754,0,300,0,0,8,03,5A,64,5A,32,00,32,37
11:00:10.081 CAN::Logger:245754,0,301,0,0,3,F5,06,00
11:00:10.575 CAN::Logger:245794,1,401,0,0,8,3B,9C,00,00,47,00,00,00
11:00:10.576 CAN::Logger:245804,0,300,0,0,8,03,5A,64,5A,32,00,32,F8
11:00:10.577 CAN::Logger:245804,0,301,0,0,3,B8,07,00
11:00:10.580 CAN::Logger:245814,1,201,0,0,5,00,00,00,00,62
11:00:10.585 CAN::Logger:245814,1,400,0,0,8,01,00,0C,00,00,00,00,00
11:00:10.590 CAN::Logger:245824,1,203,0,0,8,00,00,00,00,00,00,00,00
11:00:10.595 CAN::Logger:245854,1,206,0,0,8,00,00,00,00,00,00,00,00
11:00:10.600 CAN::Logger:245854,0,300,0,0,8,03,5A,64,5A,32,00,32,F9
11:00:10.603 CAN::Logger:245854,0,301,0,0,3,80,08,00
11:00:10.609 CAN::Logger:245894,1,401,0,0,8,3B,9C,00,00,47,00,00,00
11:00:10.614 CAN::Logger:245904,0,300,0,0,8,03,5A,64,5A,32,00,32,FA
11:00:10.616 CAN::Logger:245904,0,301,0,0,3,88,09,00
11:00:10.620 CAN::Logger:245914,1,201,0,0,5,00,00,00,00,62
11:00:10.625 CAN::Logger:245914,1,400,0,0,8,01,00,0C,00,00,00,00,00
11:00:10.630 CAN::Logger:245924,1,203,0,0,8,00,00,00,00,00,00,00,00
11:00:10.636 CAN::Logger:245954,1,206,0,0,8,00,00,00,00,00,00,00,00
11:00:10.641 CAN::Logger:245954,0,300,0,0,8,03,5A,64,5A,32,00,32,FB
11:00:10.643 CAN::Logger:245954,0,301,0,0,3,C6,0A,00
11:00:10.648 CAN::Logger:245994,1,401,0,0,8,3B,9C,00,00,47,00,00,00
11:00:10.653 CAN::Logger:246004,0,300,0,0,8,03,5A,64,5A,32,00,32,BC
11:00:10.657 CAN::Logger:246004,0,301,0,0,3,43,0B,00
11:00:10.661 CAN::Logger:246014,1,201,0,0,5,00,00,00,00,62
11:00:10.692 CAN::Logger:246014,1,400,0,0,8,01,00,0C,00,00,00,00,00
11:00:10.692 CAN::Logger:246024,1,203,0,0,8,00,00,00,00,00,00,00,00
11:00:10.694 CAN::Logger:246034,1,204,0,0,8,00,00,00,00,00,00,00,00
11:00:10.695 CAN::Logger:246054,1,206,0,0,8,00,00,00,00,00,00,00,00
11:00:10.697 CAN::Logger:246054,1,202,0,0,8,E2,1D,00,00,33,99,05,00
11:00:10.701 CAN::Logger:246054,0,300,0,0,8,03,5A,64,5A,32,00,32,BD
11:00:10.704 CAN::Logger:246054,0,301,0,0,3,B5,0C,00
11:00:10.710 CAN::Logger:246064,1,666,0,0,8,52,08,05,00,52,95,36,02
11:00:10.714 CAN::Logger:246074,1,665,0,0,8,00,00,00,53,4C,18,53,00
11:00:10.720 CAN::Logger:246074,1,403,0,0,8,64,00,00,00,40,E3,09,00
11:00:10.724 CAN::Logger:246084,1,200,0,0,8,4E,00,F8,AB,07,00,01,00
11:00:10.729 CAN::Logger:246094,1,401,0,0,8,3D,9C,00,00,46,00,00,00
11:00:10.734 CAN::Logger:246104,0,300,0,0,8,03,5A,64,5A,32,00,32,BE
11:00:10.737 CAN::Logger:246104,0,301,0,0,3,4E,0D,00
11:00:10.742 CAN::Logger:246114,1,201,0,0,5,00,00,00,00,62
11:00:10.746 CAN::Logger:246114,1,400,0,0,8,01,00,0C,00,00,00,00,00
11:00:10.751 CAN::Logger:246124,1,203,0,0,8,00,00,00,00,00,00,00,00
11:00:10.756 CAN::Logger:246154,1,206,0,0,8,00,00,00,00,00,00,00,00
11:00:10.760 CAN::Logger:246154,0,300,0,0,8,03,5A,64,5A,32,00,32,BF
11:00:10.764 CAN::Logger:246154,0,301,0,0,3,1D,0E,00
11:00:10.770 CAN::Logger:246194,1,401,0,0,8,3D,9C,00,00,46,00,00,00
11:00:10.774 CAN::Logger:246204,0,300,0,0,8,03,5A,64,5A,32,00,32,70
11:00:10.777 CAN::Logger:246204,0,301,0,0,3,E8,0F,00
11:00:10.782 CAN::Logger:246214,1,201,0,0,5,00,00,00,00,62
11:00:10.787 CAN::Logger:246214,1,400,0,0,8,01,00,0C,00,00,00,00,00
11:00:10.791 CAN::Logger:246224,1,203,0,0,8,00,00,00,00,00,00,00,00
11:00:10.796 CAN::Logger:246254,1,206,0,0,8,00,00,00,00,00,00,00,00
11:00:10.802 CAN::Logger:246254,0,300,0,0,8,03,5A,64,5A,32,00,32,71
11:00:10.805 CAN::Logger:246254,0,301,0,0,3,E2,00,00
11:00:10.809 CAN::Logger:246294,1,401,0,0,8,3D,9C,00,00,46,00,00,00
11:00:10.815 CAN::Logger:246304,0,300,0,0,8,03,5A,64,5A,32,00,32,72
11:00:10.818 CAN::Logger:246304,0,301,0,0,3,B3,01,00
11:00:10.822 CAN::Logger:246314,1,201,0,0,5,00,00,00,00,62
11:00:10.827 CAN::Logger:246314,1,400,0,0,8,01,00,0C,00,00,00,00,00
11:00:10.831 CAN::Logger:246324,1,203,0,0,8,00,00,00,00,00,00,00,00
11:00:10.837 CAN::Logger:246354,1,206,0,0,8,00,00,00,00,00,00,00,00
11:00:10.841 CAN::Logger:246354,0,300,0,0,8,03,5A,64,5A,32,00,32,73
11:00:10.845 CAN::Logger:246354,0,301,0,0,3,6B,02,00
11:00:10.850 CAN::Logger:246394,1,401,0,0,8,3D,9C,00,00,47,00,00,00
11:00:10.855 CAN::Logger:246404,0,300,0,0,8,03,5A,64,5A,32,00,32,34
11:00:10.859 CAN::Logger:246404,0,301,0,0,3,96,03,00
11:00:10.862 CAN::Logger:246414,1,201,0,0,5,00,00,00,00,62
11:00:10.867 CAN::Logger:246414,1,400,0,0,8,01,00,0C,00,00,00,00,00
11:00:10.873 CAN::Logger:246424,1,203,0,0,8,00,00,00,00,00,00,00,00
11:00:10.877 CAN::Logger:246454,1,206,0,0,8,00,00,00,00,00,00,00,00
11:00:10.882 CAN::Logger:246454,0,300,0,0,8,03,5A,64,5A,32,00,32,35
11:00:10.885 CAN::Logger:246454,0,301,0,0,3,03,04,00
11:00:10.890 CAN::Logger:246494,1,401,0,0,8,3D,9C,00,00,47,00,00,00
11:00:10.895 CAN::Logger:246504,0,300,0,0,8,03,5A,64,5A,32,00,32,36
11:00:10.898 CAN::Logger:246504,0,301,0,0,3,54,05,00
11:00:10.903 CAN::Logger:246514,1,201,0,0,5,00,00,00,00,62
11:00:10.907 CAN::Logger:246514,1,400,0,0,8,01,00,0C,00,00,00,00,00
11:00:10.913 CAN::Logger:246524,1,203,0,0,8,00,00,00,00,00,00,00,00
11:00:10.917 CAN::Logger:246544,0,100,0,0,8,03,22,02,06,00,00,00,00
11:00:10.922 CAN::Logger:246544,1,101,0,0,8,05,62,02,06,D0,07,E0,AA
11:00:10.928 CAN::Logger:246554,1,206,0,0,8,00,00,00,00,00,00,00,00
11:00:10.932 CAN::Logger:246554,0,300,0,0,8,03,5A,64,5A,32,00,32,37
11:00:10.936 CAN::Logger:246554,0,301,0,0,3,F5,06,00
11:00:10.941 CAN::Logger:246574,1,402,0,0,8,4E,00,00,00,F8,AB,07,00
11:00:10.946 CAN::Logger:246594,1,401,0,0,8,3D,9C,00,00,47,00,00,00
11:00:10.950 CAN::Logger:246604,0,300,0,0,8,03,5A,64,5A,32,00,32,F8
11:00:10.953 CAN::Logger:246604,0,301,0,0,3,B8,07,00
11:00:10.958 CAN::Logger:246614,1,201,0,0,5,00,00,00,00,62
11:00:10.997 CAN::Logger:246614,1,400,0,0,8,01,00,0C,00,00,00,00,00
11:00:11.068 CAN::Logger:246624,1,203,0,0,8,00,00,00,00,00,00,00,00
11:00:11.140 CAN::Logger:246724,1,203,0,0,8,00,00,00,00,00,00,00,00
11:00:11.211 CAN::Logger:246824,1,400,0,0,8,01,00,0C,00,00,00,00,00
11:00:11.686 CAN::Logger:246854,1,206,0,0,8,00,00,00,00,00,00,00,00
11:00:11.758 CAN::Logger:246854,0,300,0,0,8,03,5A,64,5A,32,00,32,BD
11:00:11.831 CAN::Logger:246954,0,300,0,0,8,03,5A,64,5A,32,00,32,BF
11:00:11.903 CAN::Logger:247034,1,204,0,0,8,00,00,00,00,00,00,00,00
11:00:11.975 CAN::Logger:247114,1,201,0,0,5,00,00,00,00,62
11:00:12.047 CAN::Logger:247204,0,301,0,0,3,96,03,00
11:00:12.119 CAN::Logger:247304,0,300,0,0,8,03,5A,64,5A,32,00,32,36
11:00:12.191 CAN::Logger:247404,1,401,0,0,8,3B,9C,00,00,47,00,00,00
11:00:12.263 CAN::Logger:247504,1,401,0,0,8,3B,9C,00,00,47,00,00,00
11:00:12.335 CAN::Logger:247554,0,301,0,0,3,C6,0A,00
11:00:12.407 CAN::Logger:247654,0,300,0,0,8,03,5A,64,5A,32,00,32,BD
11:00:12.479 CAN::Logger:247754,1,206,0,0,8,00,00,00,00,00,00,00,00
11:00:12.551 CAN::Logger:247824,1,203,0,0,8,00,00,00,00,00,00,00,00
11:00:12.623 CAN::Logger:247924,1,203,0,0,8,00,00,00,00,00,00,00,00
11:00:13.055 CAN::Logger:247954,1,206,0,0,8,00,00,00,00,00,00,00,00
11:00:13.127 CAN::Logger:247954,0,300,0,0,8,03,5A,64,5A,32,00,32,73
11:00:13.199 CAN::Logger:248054,1,206,0,0,8,00,00,00,00,00,00,00,00
11:00:13.272 CAN::Logger:248114,1,201,0,0,5,00,00,00,00,62
11:00:13.343 CAN::Logger:248214,1,201,0,0,5,00,00,00,00,62
11:00:13.415 CAN::Logger:248304,0,301,0,0,3,88,09,00
11:00:13.487 CAN::Logger:248404,0,300,0,0,8,03,5A,64,5A,32,00,32,BC
11:00:13.559 CAN::Logger:248504,1,401,0,0,8,3D,9C,00,00,47,00,00,00
11:00:13.631 CAN::Logger:248584,1,402,0,0,8,4E,00,00,00,F8,AB,07,00
11:00:13.703 CAN::Logger:248654,0,300,0,0,8,03,5A,64,5A,32,00,32,71
11:00:13.775 CAN::Logger:248754,1,206,0,0,8,00,00,00,00,00,00,00,00
11:00:13.847 CAN::Logger:248854,1,206,0,0,8,00,00,00,00,00,00,00,00
11:00:13.919 CAN::Logger:248924,1,203,0,0,8,00,00,00,00,00,00,00,00
11:00:13.991 CAN::Logger:249024,1,203,0,0,8,00,00,00,00,00,00,00,00
11:00:14.063 CAN::Logger:249084,1,403,0,0,8,64,00,00,00,40,E3,09,00
11:00:14.135 CAN::Logger:249154,1,206,0,0,8,00,00,00,00,00,00,00,00
11:00:14.207 CAN::Logger:249224,1,203,0,0,8,00,00,00,00,00,00,00,00
11:00:14.695 CAN::Logger:249314,1,201,0,0,5,00,00,00,00,62
11:00:14.767 CAN::Logger:249324,1,400,0,0,8,01,00,0C,00,00,00,00,00
11:00:14.839 CAN::Logger:249424,1,400,0,0,8,01,00,0C,00,00,00,00,00
11:00:14.911 CAN::Logger:249524,1,400,0,0,8,01,00,0C,00,00,00,00,00
11:00:14.983 CAN::Logger:249604,0,301,0,0,3,96,03,00
11:00:15.055 CAN::Logger:249704,0,300,0,0,8,03,5A,64,5A,32,00,32,36
11:00:15.127 CAN::Logger:249804,1,401,0,0,8,3D,9C,00,00,46,00,00,00
11:00:15.199 CAN::Logger:249904,1,401,0,0,8,3D,9C,00,00,47,00,00,00
11:00:15.271 CAN::Logger:249954,0,301,0,0,3,C6,0A,00
