11:00:29.684 CAN::Logger:265484,0,404,0,0,2,01,00
11:00:29.686 CAN::Logger:265484,0,300,0,0,8,03,5A,00,5A,32,00,32,31
11:00:29.687 CAN::Logger:265484,0,301,0,0,3,B3,01,00
11:00:29.689 CAN::Logger:265484,1,405,0,0,8,01,00,00,00,00,04,06,04
11:00:29.694 CAN::Logger:265504,1,401,0,0,8,97,36,00,00,02,00,00,00
11:00:29.699 CAN::Logger:265524,1,400,0,0,8,00,00,04,00,00,00,00,00
11:00:29.704 CAN::Logger:265534,0,300,0,0,8,03,5A,00,5A,32,00,32,32
11:00:29.707 CAN::Logger:265534,0,301,0,0,3,6B,02,00
11:00:29.711 CAN::Logger:265544,1,201,0,0,5,00,00,00,00,68
11:00:29.716 CAN::Logger:265554,1,203,0,0,8,00,00,00,00,00,00,FF,0F
11:00:29.719 CAN::Logger:265564,1,669,0,0,3,16,00,01
11:00:29.726 CAN::Logger:265564,1,204,0,0,8,00,00,00,20,00,00,00,00
11:00:29.730 CAN::Logger:265574,1,206,0,0,8,00,00,00,00,00,00,00,00
11:00:29.735 CAN::Logger:265574,1,202,0,0,8,E2,00,00,00,00,00,00,00
11:00:29.739 CAN::Logger:265584,0,300,0,0,8,03,5A,00,5A,32,00,32,33
11:00:29.743 CAN::Logger:265584,0,301,0,0,3,96,03,00
11:00:29.747 CAN::Logger:265584,1,666,0,0,8,52,08,05,00,52,95,36,02
11:00:29.752 CAN::Logger:265604,1,665,0,0,8,00,00,00,53,4C,18,53,00
11:00:29.758 CAN::Logger:265604,1,401,0,0,8,7B,40,00,00,3F,00,00,00
11:00:29.762 CAN::Logger:265614,1,200,0,0,8,00,00,00,00,00,00,00,00
11:00:29.765 CAN::Logger:265614,0,4a4,0,0,2,01,00
11:00:29.771 CAN::Logger:265624,1,400,0,0,8,01,00,0C,00,00,00,00,00
11:00:29.776 CAN::Logger:265634,0,300,0,0,8,03,5A,00,5A,32,00,32,74
11:00:29.779 CAN::Logger:265634,0,301,0,0,3,03,04,00
11:00:29.783 CAN::Logger:265644,1,201,0,0,5,00,00,00,00,60
11:00:29.788 CAN::Logger:265654,1,203,0,0,8,00,00,00,00,00,00,00,00
11:00:29.793 CAN::Logger:265674,1,206,0,0,8,00,00,00,00,00,00,00,00
11:00:29.797 CAN::Logger:265684,0,300,0,0,8,03,5A,00,5A,32,00,32,75
11:00:29.801 CAN::Logger:265684,0,301,0,0,3,54,05,00
11:00:29.807 CAN::Logger:265704,1,401,0,0,8,7B,40,00,00,3F,00,00,00
11:00:29.811 CAN::Logger:265724,1,400,0,0,8,01,00,0C,00,00,00,00,00
11:00:29.816 CAN::Logger:265734,0,300,0,0,8,03,5A,00,5A,32,00,32,76
11:00:29.819 CAN::Logger:265734,0,301,0,0,3,F5,06,00
11:00:29.823 CAN::Logger:265744,1,201,0,0,5,00,00,00,00,60
11:00:29.828 CAN::Logger:265744,0,311,0,0,8,04,00,00,00,4B,00,00,00
11:00:29.834 CAN::Logger:265754,1,203,0,0,8,00,00,00,00,00,00,00,00
11:00:29.838 CAN::Logger:265774,1,206,0,0,8,00,00,00,00,00,00,00,00
11:00:29.842 CAN::Logger:265784,0,300,0,0,8,03,5A,00,5A,32,00,32,77
11:00:29.846 CAN::Logger:265784,0,301,0,0,3,B8,07,00
11:00:29.852 CAN::Logger:265804,1,401,0,0,8,7B,40,00,00,3F,00,00,00
11:00:29.856 CAN::Logger:265824,1,400,0,0,8,01,00,0C,00,00,00,00,00
11:00:29.861 CAN::Logger:265834,0,300,0,0,8,03,5A,00,5A,32,00,32,B8
11:00:29.864 CAN::Logger:265834,0,301,0,0,3,80,08,00
11:00:29.869 CAN::Logger:265844,1,201,0,0,5,00,00,00,00,60
11:00:29.873 CAN::Logger:265854,1,203,0,0,8,00,00,00,00,00,00,00,00
11:00:29.878 CAN::Logger:265874,1,206,0,0,8,00,00,00,00,00,00,00,00
11:00:29.883 CAN::Logger:265884,0,300,0,0,8,03,5A,00,5A,32,00,32,B9
11:00:29.886 CAN::Logger:265884,0,301,0,0,3,88,09,00
11:00:29.892 CAN::Logger:265904,1,401,0,0,8,3D,9C,00,00,DB,00,00,00
11:00:29.897 CAN::Logger:265924,1,400,0,0,8,01,00,0C,00,00,00,00,00
11:00:29.902 CAN::Logger:265934,0,300,0,0,8,03,5A,00,5A,32,00,32,BA
11:00:29.904 CAN::Logger:265934,0,301,0,0,3,C6,0A,00
11:00:30.404 CAN::Logger:265944,1,201,0,0,5,00,00,00,00,60
11:00:30.405 CAN::Logger:265954,1,203,0,0,8,00,00,00,00,00,00,00,00
11:00:30.406 CAN::Logger:265974,1,206,0,0,8,00,00,00,00,00,00,00,00
11:00:30.411 CAN::Logger:265984,1,402,0,0,8,4E,00,00,00,F8,AB,07,00
11:00:30.416 CAN::Logger:265984,0,300,0,0,8,03,5A,00,5A,32,00,32,BB
11:00:30.419 CAN::Logger:265984,0,301,0,0,3,43,0B,00
11:00:30.424 CAN::Logger:266004,1,401,0,0,8,3D,9C,00,00,DB,00,00,00
11:00:30.429 CAN::Logger:266024,1,400,0,0,8,01,00,0C,00,00,00,00,00
11:00:30.434 CAN::Logger:266034,0,300,0,0,8,03,5A,00,5A,32,00,32,FC
11:00:30.437 CAN::Logger:266034,0,301,0,0,3,B5,0C,00
11:00:30.442 CAN::Logger:266044,1,201,0,0,5,00,00,00,00,60
11:00:30.446 CAN::Logger:266054,1,203,0,0,8,00,00,00,00,00,00,00,00
11:00:30.451 CAN::Logger:266074,1,206,0,0,8,00,00,00,00,00,00,00,00
11:00:30.456 CAN::Logger:266084,0,300,0,0,8,03,5A,00,5A,32,00,32,FD
11:00:30.460 CAN::Logger:266084,0,301,0,0,3,4E,0D,00
11:00:30.465 CAN::Logger:266104,1,401,0,0,8,3D,9C,00,00,5E,00,00,00
11:00:30.469 CAN::Logger:266124,1,400,0,0,8,01,00,0C,00,00,00,00,00
11:00:30.474 CAN::Logger:266134,0,300,0,0,8,03,5A,00,5A,32,00,32,FE
11:00:30.478 CAN::Logger:266134,0,301,0,0,3,1D,0E,00
11:00:30.482 CAN::Logger:266144,1,201,0,0,5,00,00,00,00,60
11:00:30.487 CAN::Logger:266154,1,203,0,0,8,00,00,00,00,00,00,00,00
11:00:30.492 CAN::Logger:266174,1,206,0,0,8,00,00,00,00,00,00,00,00
11:00:30.496 CAN::Logger:266184,0,300,0,0,8,03,5A,00,5A,32,00,32,FF
11:00:30.500 CAN::Logger:266184,0,301,0,0,3,E8,0F,00
11:00:30.505 CAN::Logger:266204,1,401,0,0,8,3D,9C,00,00,5E,00,00,00
11:00:30.510 CAN::Logger:266224,1,400,0,0,8,01,00,0C,00,00,00,00,00
11:00:30.515 CAN::Logger:266234,0,300,0,0,8,03,5A,00,5A,32,00,32,30
11:00:30.518 CAN::Logger:266234,0,301,0,0,3,E2,00,00
11:00:30.522 CAN::Logger:266244,1,201,0,0,5,00,00,00,00,60
11:00:30.527 CAN::Logger:266254,1,203,0,0,8,00,00,00,00,00,00,00,00
11:00:30.532 CAN::Logger:266274,1,206,0,0,8,00,00,00,00,00,00,00,00
11:00:30.537 CAN::Logger:266284,0,300,0,0,8,03,5A,00,5A,32,00,32,31
11:00:30.540 CAN::Logger:266284,0,301,0,0,3,B3,01,00
11:00:30.545 CAN::Logger:266304,1,401,0,0,8,3D,9C,00,00,5E,00,00,00
11:00:30.551 CAN::Logger:266324,1,400,0,0,8,01,00,0C,00,00,00,00,00
11:00:30.556 CAN::Logger:266334,0,300,0,0,8,03,5A,00,5A,32,00,32,32
11:00:30.559 CAN::Logger:266334,0,301,0,0,3,6B,02,00
11:00:30.564 CAN::Logger:266344,1,201,0,0,5,00,00,00,00,60
11:00:30.568 CAN::Logger:266354,1,203,0,0,8,00,00,00,00,00,00,00,00
11:00:30.573 CAN::Logger:266374,1,206,0,0,8,00,00,00,00,00,00,00,00
11:00:30.577 CAN::Logger:266384,0,300,0,0,8,03,5A,00,5A,32,00,32,33
11:00:30.582 CAN::Logger:266384,0,301,0,0,3,96,03,00
11:00:30.587 CAN::Logger:266404,1,401,0,0,8,3D,9C,00,00,46,00,00,00
11:00:30.591 CAN::Logger:266424,1,400,0,0,8,01,00,0C,00,00,00,00,00
11:00:30.596 CAN::Logger:266434,0,300,0,0,8,03,5A,00,5A,32,00,32,74
11:00:30.599 CAN::Logger:266434,0,301,0,0,3,03,04,00
11:00:30.604 CAN::Logger:266444,1,201,0,0,5,00,00,00,00,60
11:00:30.608 CAN::Logger:266454,1,203,0,0,8,00,00,00,00,00,00,00,00
11:00:30.614 CAN::Logger:266474,1,206,0,0,8,00,00,00,00,00,00,00,00
11:00:30.618 CAN::Logger:266484,1,403,0,0,8,64,00,00,00,40,E3,09,00
11:00:30.623 CAN::Logger:266484,0,300,0,0,8,03,5A,00,5A,32,00,32,75
11:00:30.627 CAN::Logger:266484,0,301,0,0,3,54,05,00
11:00:30.632 CAN::Logger:266504,1,401,0,0,8,3D,9C,00,00,46,00,00,00
11:00:30.637 CAN::Logger:266524,1,400,0,0,8,01,00,0C,00,00,00,00,00
11:00:30.642 CAN::Logger:266534,0,300,0,0,8,03,5A,00,5A,32,00,32,76
11:00:30.645 CAN::Logger:266534,0,301,0,0,3,F5,06,00
11:00:30.648 CAN::Logger:266544,1,201,0,0,5,00,00,00,00,60
11:00:30.654 CAN::Logger:266554,1,203,0,0,8,00,00,00,00,00,00,00,00
11:00:30.658 CAN::Logger:266564,1,204,0,0,8,00,00,00,20,00,00,00,00
11:00:30.664 CAN::Logger:266574,1,206,0,0,8,00,00,00,00,00,00,00,00
11:00:30.668 CAN::Logger:266574,1,202,0,0,8,E2,1C,00,00,33,99,05,00
11:00:30.673 CAN::Logger:266584,0,300,0,0,8,03,5A,00,5A,32,00,32,77
11:00:30.676 CAN::Logger:266584,0,301,0,0,3,B8,07,00
11:00:30.682 CAN::Logger:266604,1,401,0,0,8,3D,9C,00,00,46,00,00,00
11:00:30.686 CAN::Logger:266624,1,400,0,0,8,01,00,0C,00,00,00,00,00
11:00:30.691 CAN::Logger:266634,0,300,0,0,8,03,5A,00,5A,32,00,32,B8
11:00:30.694 CAN::Logger:266634,0,301,0,0,3,80,08,00
11:00:30.699 CAN::Logger:266644,1,201,0,0,5,00,00,00,00,60
11:00:30.704 CAN::Logger:266654,1,203,0,0,8,00,00,00,00,00,00,00,00
11:00:31.194 CAN::Logger:266674,1,206,0,0,8,00,00,00,00,00,00,00,00
11:00:31.195 CAN::Logger:266684,0,300,0,0,8,03,5A,00,5A,32,00,32,B9
11:00:31.196 CAN::Logger:266684,0,301,0,0,3,88,09,00
11:00:31.201 CAN::Logger:266704,1,401,0,0,8,3D,9C,00,00,46,00,00,00
11:00:31.205 CAN::Logger:266724,1,400,0,0,8,01,00,0C,00,00,00,00,00
11:00:31.210 CAN::Logger:266734,0,300,0,0,8,03,5A,00,5A,32,00,32,BA
11:00:31.228 CAN::Logger:266734,0,301,0,0,3,C6,0A,00
11:00:31.243 CAN::Logger:266744,1,201,0,0,5,00,00,00,00,60
11:00:31.245 CAN::Logger:266754,1,203,0,0,8,00,00,00,00,00,00,00,00
11:00:31.246 CAN::Logger:266774,1,206,0,0,8,00,00,00,00,00,00,00,00
11:00:31.246 CAN::Logger:266784,0,300,0,0,8,03,5A,00,5A,32,00,32,BB
11:00:31.246 CAN::Logger:266784,0,301,0,0,3,43,0B,00
11:00:31.250 CAN::Logger:266804,1,401,0,0,8,3D,9C,00,00,46,00,00,00
11:00:31.255 CAN::Logger:266824,1,400,0,0,8,01,00,0C,00,00,00,00,00
11:00:31.259 CAN::Logger:266834,0,300,0,0,8,03,5A,00,5A,32,00,32,FC
11:00:31.264 CAN::Logger:266834,0,301,0,0,3,B5,0C,00
11:00:31.267 CAN::Logger:266844,1,201,0,0,5,00,00,00,00,60
11:00:31.272 CAN::Logger:266854,1,203,0,0,8,00,00,00,00,00,00,00,00
11:00:31.278 CAN::Logger:266874,1,206,0,0,8,00,00,00,00,00,00,00,00
11:00:31.282 CAN::Logger:266884,0,300,0,0,8,03,5A,00,5A,32,00,32,FD
11:00:31.285 CAN::Logger:266884,0,301,0,0,3,4E,0D,00
11:00:31.290 CAN::Logger:266904,1,401,0,0,8,3D,9C,00,00,46,00,00,00
11:00:31.295 CAN::Logger:266924,1,400,0,0,8,01,00,0C,00,00,00,00,00
11:00:31.300 CAN::Logger:266934,0,300,0,0,8,03,5A,00,5A,32,00,32,FE
11:00:31.303 CAN::Logger:266934,0,301,0,0,3,1D,0E,00
11:00:31.308 CAN::Logger:266944,1,201,0,0,5,00,00,00,00,60
11:00:31.313 CAN::Logger:266954,1,203,0,0,8,00,00,00,00,00,00,00,00
11:00:31.317 CAN::Logger:266964,0,100,0,0,8,03,22,02,03,00,00,00,00
11:00:31.322 CAN::Logger:266964,1,101,0,0,8,10,17,62,02,03,33,36,32
11:00:31.327 CAN::Logger:266964,0,100,0,0,3,30,00,00
11:00:31.331 CAN::Logger:266974,1,101,0,0,8,21,39,38,31,30,30,32,37
11:00:31.335 CAN::Logger:266974,1,101,0,0,8,22,30,39,32,32,30,37,37
11:00:31.340 CAN::Logger:266974,1,206,0,0,8,00,00,00,00,00,00,00,00
11:00:31.346 CAN::Logger:266984,1,101,0,0,8,23,38,33,36,BC,92,00,00
11:00:31.351 CAN::Logger:266984,0,100,0,0,8,03,22,02,02,00,00,00,00
11:00:31.357 CAN::Logger:266984,1,101,0,0,8,10,1B,62,02,02,45,30,31
11:00:31.358 CAN::Logger:266984,0,100,0,0,3,30,00,00
11:00:31.364 CAN::Logger:266984,1,402,0,0,8,4E,00,00,00,F8,AB,07,00
11:00:31.369 CAN::Logger:266984,0,300,0,0,8,03,5A,00,5A,32,00,32,FF
11:00:31.373 CAN::Logger:266984,1,101,0,0,8,21,36,38,30,2D,32,30,30
11:00:31.376 CAN::Logger:266984,0,301,0,0,3,E8,0F,00
11:00:31.381 CAN::Logger:266994,1,101,0,0,8,22,32,32,30,39,33,30,2D
11:00:31.387 CAN::Logger:266994,1,101,0,0,8,23,33,2D,30,30,34,32,00
11:00:31.391 CAN::Logger:266994,0,100,0,0,8,03,22,02,04,00,00,00,00
11:00:31.397 CAN::Logger:267004,1,101,0,0,8,10,17,62,02,04,57,53,42
11:00:31.400 CAN::Logger:267004,0,100,0,0,3,30,00,00
11:00:31.405 CAN::Logger:267004,1,401,0,0,8,3D,9C,00,00,46,00,00,00
11:00:31.410 CAN::Logger:267004,1,101,0,0,8,21,43,30,30,31,31,33,30
11:00:31.414 CAN::Logger:267014,1,101,0,0,8,22,35,31,32,54,00,00,00
11:00:31.419 CAN::Logger:267014,1,101,0,0,8,23,00,00,00,BC,92,00,00
11:00:31.424 CAN::Logger:267024,0,100,0,0,8,03,22,02,07,00,00,00,00
11:00:31.429 CAN::Logger:267024,1,101,0,0,8,05,62,02,07,78,1E,E0,AA
11:00:31.434 CAN::Logger:267024,1,400,0,0,8,01,00,0C,00,00,00,00,00
11:00:31.439 CAN::Logger:267024,0,100,0,0,8,03,22,02,06,00,00,00,00
11:00:31.443 CAN::Logger:267034,1,101,0,0,8,05,62,02,06,D0,07,E0,AA
11:00:31.448 CAN::Logger:267034,0,100,0,0,8,03,22,02,0D,00,00,00,00
11:00:31.453 CAN::Logger:267034,0,300,0,0,8,03,5A,00,5A,32,00,32,30
11:00:31.457 CAN::Logger:267034,0,301,0,0,3,E2,00,00
11:00:31.461 CAN::Logger:267044,1,101,0,0,8,04,62,02,0D,00,00,E0,AA
11:00:31.465 CAN::Logger:267044,1,201,0,0,5,00,00,00,00,60
11:00:31.470 CAN::Logger:267044,0,100,0,0,8,03,22,02,13,00,00,00,00
11:00:31.476 CAN::Logger:267044,1,101,0,0,8,07,62,02,13,13,01,2D,00
11:00:31.480 CAN::Logger:267054,0,100,0,0,8,03,22,02,00,00,00,00,00
11:00:31.485 CAN::Logger:267054,1,203,0,0,8,00,00,00,00,00,00,00,00
11:00:31.490 CAN::Logger:267054,1,101,0,0,8,05,62,02,00,02,05,E0,AA
11:00:31.495 CAN::Logger:267054,0,100,0,0,8,03,22,02,0B,00,00,00,00
11:00:31.500 CAN::Logger:267064,1,101,0,0,8,05,62,02,0B,00,1C,E0,AA
11:00:31.504 CAN::Logger:267064,0,100,0,0,8,03,22,02,17,00,00,00,00
11:00:31.509 CAN::Logger:267064,1,101,0,0,8,07,62,02,17,05,00,30,00
11:00:31.515 CAN::Logger:267074,1,206,0,0,8,00,00,00,00,00,00,00,00
11:00:31.519 CAN::Logger:267084,0,300,0,0,8,03,5A,00,5A,32,00,32,31
11:00:31.523 CAN::Logger:267084,0,301,0,0,3,B3,01,00
11:00:31.526 CAN::Logger:267094,0,450,0,0,2,4A,00
11:00:31.531 CAN::Logger:267104,1,401,0,0,8,3D,9C,00,00,46,00,00,00
11:00:31.536 CAN::Logger:267124,1,400,0,0,8,01,00,0C,00,00,00,00,00
11:00:31.541 CAN::Logger:267134,0,300,0,0,8,03,5A,00,5A,32,00,32,32
11:00:31.545 CAN::Logger:267134,0,301,0,0,3,6B,02,00
11:00:31.549 CAN::Logger:267144,1,201,0,0,5,00,00,00,00,60
11:00:31.554 CAN::Logger:267154,1,203,0,0,8,00,00,00,00,00,00,00,00
11:00:31.558 CAN::Logger:267174,1,206,0,0,8,00,00,00,00,00,00,00,00
11:00:31.563 CAN::Logger:267184,0,300,0,0,8,03,5A,00,5A,32,00,32,33
11:00:31.566 CAN::Logger:267184,0,301,0,0,3,96,03,00
11:00:31.571 CAN::Logger:267204,1,401,0,0,8,3D,9C,00,00,46,00,00,00
11:00:31.574 CAN::Logger:267214,0,450,0,0,2,4A,00
11:00:31.580 CAN::Logger:267224,1,400,0,0,8,01,00,0C,00,00,00,00,00
11:00:31.585 CAN::Logger:267234,0,300,0,0,8,03,5A,00,5A,32,00,32,74
11:00:31.588 CAN::Logger:267234,0,301,0,0,3,03,04,00
11:00:31.592 CAN::Logger:267244,1,201,0,0,5,00,00,00,00,60
11:00:31.597 CAN::Logger:267254,1,203,0,0,8,00,00,00,00,00,00,00,00
11:00:31.602 CAN::Logger:267274,1,206,0,0,8,00,00,00,00,00,00,00,00
11:00:31.607 CAN::Logger:267284,0,300,0,0,8,03,5A,00,5A,32,00,32,75
11:00:31.610 CAN::Logger:267284,0,301,0,0,3,54,05,00
11:00:31.616 CAN::Logger:267304,1,401,0,0,8,3D,9C,00,00,46,00,00,00
11:00:31.620 CAN::Logger:267324,1,400,0,0,8,01,00,0C,00,00,00,00,00
11:00:31.625 CAN::Logger:267334,0,300,0,0,8,03,5A,00,5A,32,00,32,76
11:00:31.628 CAN::Logger:267334,0,301,0,0,3,F5,06,00
11:00:31.633 CAN::Logger:267344,1,201,0,0,5,00,00,00,00,60
11:00:31.635 CAN::Logger:267344,0,450,0,0,2,4A,00
11:00:31.640 CAN::Logger:267354,1,203,0,0,8,00,00,00,00,00,00,00,00
11:00:31.645 CAN::Logger:267374,1,206,0,0,8,00,00,00,00,00,00,00,00
11:00:31.651 CAN::Logger:267384,0,300,0,0,8,03,5A,00,5A,32,00,32,77
11:00:31.654 CAN::Logger:267384,0,301,0,0,3,B8,07,00
11:00:31.658 CAN::Logger:267404,1,401,0,0,8,40,9C,00,00,46,00,00,00
11:00:31.664 CAN::Logger:267424,1,400,0,0,8,01,00,0C,00,00,00,00,00
11:00:31.669 CAN::Logger:267434,0,300,0,0,8,03,5A,00,5A,32,00,32,B8
11:00:31.672 CAN::Logger:267434,0,301,0,0,3,80,08,00
11:00:31.676 CAN::Logger:267444,1,201,0,0,5,00,00,00,00,60
11:00:32.173 CAN::Logger:267454,1,203,0,0,8,00,00,00,00,00,00,00,00
11:00:32.174 CAN::Logger:267464,0,404,0,0,2,4A,00
11:00:32.175 CAN::Logger:267464,1,405,0,0,8,4A,00,00,00,06,00,00,00
11:00:32.180 CAN::Logger:267474,1,206,0,0,8,00,00,00,00,00,00,00,00
11:00:32.185 CAN::Logger:267484,0,300,0,0,8,03,5A,00,5A,32,00,32,B9
11:00:32.189 CAN::Logger:267484,0,301,0,0,3,88,09,00
11:00:32.193 CAN::Logger:267484,1,403,0,0,8,64,00,00,00,40,E3,09,00
11:00:32.197 CAN::Logger:267504,0,404,0,0,2,02,30
11:00:32.202 CAN::Logger:267504,1,405,0,0,7,02,48,00,00,00,00,00
11:00:32.207 CAN::Logger:267504,1,401,0,0,8,40,9C,00,00,46,00,00,00
11:00:32.211 CAN::Logger:267524,1,400,0,0,8,01,00,0C,00,00,00,00,00
11:00:32.214 CAN::Logger:267524,0,404,0,0,2,44,00
11:00:32.219 CAN::Logger:267534,1,405,0,0,6,44,00,00,00,50,46
11:00:32.223 CAN::Logger:267534,0,300,0,0,8,03,5A,00,5A,32,00,32,BA
11:00:32.228 CAN::Logger:267534,0,301,0,0,3,C6,0A,00
11:00:32.231 CAN::Logger:267544,1,201,0,0,5,00,00,00,00,60
11:00:32.236 CAN::Logger:267554,1,203,0,0,8,00,00,00,00,00,00,00,00
11:00:32.239 CAN::Logger:267564,0,404,0,0,2,01,00
11:00:32.245 CAN::Logger:267564,1,405,0,0,8,01,00,00,00,00,04,06,04
11:00:32.250 CAN::Logger:267564,1,204,0,0,8,00,00,00,20,00,00,00,00
11:00:32.254 CAN::Logger:267574,1,206,0,0,8,00,00,00,00,00,00,00,00
11:00:32.259 CAN::Logger:267574,1,202,0,0,8,E2,1B,00,00,33,99,05,00
11:00:32.265 CAN::Logger:267584,0,300,0,0,8,03,5A,00,5A,32,00,32,BB
11:00:32.267 CAN::Logger:267584,0,301,0,0,3,43,0B,00
11:00:32.270 CAN::Logger:267594,0,404,0,0,2,A3,01
11:00:32.275 CAN::Logger:267594,1,405,0,0,5,A3,01,00,00,06
11:00:32.279 CAN::Logger:267604,1,401,0,0,8,40,9C,00,00,46,00,00,00
11:00:32.283 CAN::Logger:267624,0,404,0,0,2,20,00
11:00:32.289 CAN::Logger:267624,1,405,0,0,8,20,00,00,00,32,33,36,47
11:00:32.293 CAN::Logger:267624,1,400,0,0,8,01,00,0C,00,00,00,00,00
11:00:32.298 CAN::Logger:267634,0,300,0,0,8,03,5A,00,5A,32,00,32,FC
11:00:32.301 CAN::Logger:267634,0,301,0,0,3,B5,0C,00
11:00:32.305 CAN::Logger:267644,1,201,0,0,5,00,00,00,00,60
11:00:32.310 CAN::Logger:267654,1,203,0,0,8,00,00,00,00,00,00,00,00
11:00:32.314 CAN::Logger:267654,0,404,0,0,2,21,00
11:00:32.318 CAN::Logger:267664,1,405,0,0,8,21,00,00,00,35,4C,41,31
11:00:32.323 CAN::Logger:267674,1,206,0,0,8,00,00,00,00,00,00,00,00
11:00:32.326 CAN::Logger:267684,0,404,0,0,2,22,00
11:00:32.331 CAN::Logger:267684,1,405,0,0,8,22,00,00,00,30,30,34,52
11:00:32.336 CAN::Logger:267684,0,300,0,0,8,03,5A,00,5A,32,00,32,FD
11:00:32.340 CAN::Logger:267684,0,301,0,0,3,4E,0D,00
11:00:32.344 CAN::Logger:267704,1,401,0,0,8,40,9C,00,00,46,00,00,00
11:00:32.348 CAN::Logger:267714,0,404,0,0,2,23,00
11:00:32.352 CAN::Logger:267714,1,405,0,0,8,23,00,00,00,4D,30,30,30
11:00:32.358 CAN::Logger:267724,1,400,0,0,8,01,00,0C,00,00,00,00,00
11:00:32.362 CAN::Logger:267734,0,300,0,0,8,03,5A,00,5A,32,00,32,FE
11:00:32.366 CAN::Logger:267734,0,301,0,0,3,1D,0E,00
11:00:32.371 CAN::Logger:267744,1,201,0,0,5,00,00,00,00,60
11:00:32.374 CAN::Logger:267744,0,404,0,0,2,24,00
11:00:32.379 CAN::Logger:267744,1,405,0,0,8,24,00,00,00,30,30,30,30
11:00:32.384 CAN::Logger:267754,1,203,0,0,8,00,00,00,00,00,00,00,00
11:00:32.388 CAN::Logger:267774,1,206,0,0,8,00,00,00,00,00,00,00,00
11:00:32.391 CAN::Logger:267774,0,404,0,0,2,25,00
11:00:32.397 CAN::Logger:267784,1,405,0,0,8,25,00,00,00,30,30,30,30
11:00:32.401 CAN::Logger:267784,0,300,0,0,8,03,5A,00,5A,32,00,32,FF
11:00:32.404 CAN::Logger:267784,0,301,0,0,3,E8,0F,00
11:00:32.410 CAN::Logger:267804,1,401,0,0,8,40,9C,00,00,46,00,00,00
11:00:32.413 CAN::Logger:267814,0,404,0,0,2,26,00
11:00:32.417 CAN::Logger:267814,1,405,0,0,8,26,00,00,00,30,30,30,30
11:00:32.422 CAN::Logger:267824,1,400,0,0,8,01,00,0C,00,00,00,00,00
11:00:32.428 CAN::Logger:267834,0,300,0,0,8,03,5A,00,5A,32,00,32,30
11:00:32.431 CAN::Logger:267834,0,301,0,0,3,E2,00,00
11:00:32.435 CAN::Logger:267844,1,201,0,0,5,00,00,00,00,60
11:00:32.439 CAN::Logger:267844,0,404,0,0,2,27,00
11:00:32.442 CAN::Logger:267844,1,405,0,0,6,27,00,00,00,30,30
11:00:32.447 CAN::Logger:267854,1,203,0,0,8,00,00,00,00,00,00,00,00
11:00:32.451 CAN::Logger:267874,0,404,0,0,2,4C,00
11:00:32.455 CAN::Logger:267874,1,405,0,0,8,4C,00,00,00,01,24,00,00
11:00:32.460 CAN::Logger:267874,1,206,0,0,8,00,00,00,00,00,00,00,00
11:00:32.466 CAN::Logger:267884,0,300,0,0,8,03,5A,00,5A,32,00,32,31
11:00:32.469 CAN::Logger:267884,0,301,0,0,3,B3,01,00
11:00:32.472 CAN::Logger:267904,0,404,0,0,2,46,00
11:00:32.476 CAN::Logger:267904,1,405,0,0,5,46,00,00,00,00
11:00:32.481 CAN::Logger:267914,1,401,0,0,8,40,9C,00,00,46,00,00,00
11:00:32.487 CAN::Logger:267934,1,400,0,0,8,01,00,0C,00,00,00,00,00
11:00:32.490 CAN::Logger:267934,0,404,0,0,2,4D,00
11:00:32.494 CAN::Logger:267934,1,405,0,0,8,4D,00,00,00,00,00,00,00
11:00:32.500 CAN::Logger:267934,0,300,0,0,8,03,5A,00,5A,32,00,32,32
11:00:32.502 CAN::Logger:267934,0,301,0,0,3,6B,02,00
11:00:32.506 CAN::Logger:267944,1,201,0,0,5,00,00,00,00,60
11:00:32.511 CAN::Logger:267954,1,203,0,0,8,00,00,00,00,00,00,00,00
11:00:32.515 CAN::Logger:267974,0,404,0,0,2,50,00
11:00:32.519 CAN::Logger:267974,1,405,0,0,8,50,00,00,00,ED,00,F0,00
11:00:32.524 CAN::Logger:267974,1,206,0,0,8,00,00,00,00,00,00,00,00
11:00:32.529 CAN::Logger:267984,0,300,0,0,8,03,5A,00,5A,32,00,32,33
11:00:32.533 CAN::Logger:267984,0,301,0,0,3,96,03,00
11:00:32.537 CAN::Logger:267994,1,402,0,0,8,4E,00,00,00,F8,AB,07,00
11:00:32.541 CAN::Logger:267994,0,404,0,0,2,02,00
11:00:32.547 CAN::Logger:267994,1,405,0,0,8,02,00,00,00,53,49,43,54
11:00:32.551 CAN::Logger:268014,1,401,0,0,8,40,9C,00,00,46,00,00,00
11:00:32.556 CAN::Logger:268034,1,400,0,0,8,01,00,0C,00,00,00,00,00
11:00:32.560 CAN::Logger:268034,0,404,0,0,2,0A,00
11:00:32.563 CAN::Logger:268034,1,405,0,0,8,0A,00,00,00,30,3A,00,00
11:00:32.568 CAN::Logger:268034,0,300,0,0,8,03,5A,00,5A,32,00,32,74
11:00:32.573 CAN::Logger:268034,0,301,0,0,3,03,04,00
11:00:32.576 CAN::Logger:268044,1,201,0,0,5,00,00,00,00,60
11:00:32.582 CAN::Logger:268054,1,203,0,0,8,00,00,00,00,00,00,00,00
11:00:32.585 CAN::Logger:268064,0,404,0,0,2,04,00
11:00:32.589 CAN::Logger:268064,1,405,0,0,7,04,0,00,00,16,09,02
11:00:32.594 CAN::Logger:268074,1,206,0,0,8,00,00,00,00,00,00,00,00
11:00:32.598 CAN::Logger:268084,0,300,0,0,8,03,5A,00,5A,32,00,32,75
11:00:32.602 CAN::Logger:268084,0,301,0,0,3,54,05,00
11:00:32.605 CAN::Logger:268094,0,404,0,0,2,B0,01
11:00:32.610 CAN::Logger:268094,1,405,0,0,6,B0,01,00,00,00,00
11:00:32.615 CAN::Logger:268114,1,401,0,0,8,3D,9C,00,00,46,00,00,00
11:00:32.618 CAN::Logger:268124,0,404,0,0,2,B1,01
11:00:32.622 CAN::Logger:268124,1,405,0,0,6,B1,01,00,00,00,00
11:00:32.627 CAN::Logger:268134,1,400,0,0,8,01,00,0C,00,00,00,00,00
11:00:32.633 CAN::Logger:268134,0,300,0,0,8,03,5A,00,5A,32,00,32,76
11:00:32.636 CAN::Logger:268134,0,301,0,0,3,F5,06,00
11:00:32.639 CAN::Logger:268144,1,201,0,0,5,00,00,00,00,60
11:00:32.645 CAN::Logger:268154,1,203,0,0,8,00,00,00,00,00,00,00,00
11:00:32.649 CAN::Logger:268174,1,206,0,0,8,00,00,00,00,00,00,00,00
11:00:32.654 CAN::Logger:268184,0,300,0,0,8,03,5A,00,5A,32,00,32,77
11:00:32.658 CAN::Logger:268184,0,301,0,0,3,B8,07,00
11:00:32.663 CAN::Logger:268214,1,401,0,0,8,3D,9C,00,00,46,00,00,00
11:00:32.667 CAN::Logger:268234,1,400,0,0,8,01,00,0C,00,00,00,00,00
11:00:32.672 CAN::Logger:268234,0,300,0,0,8,03,5A,00,5A,32,00,32,B8
11:00:32.676 CAN::Logger:268234,0,301,0,0,3,80,08,00
11:00:32.680 CAN::Logger:268244,1,201,0,0,5,00,00,00,00,60
11:00:32.685 CAN::Logger:268254,1,203,0,0,8,00,00,00,00,00,00,00,00
11:00:32.690 CAN::Logger:268274,1,206,0,0,8,00,00,00,00,00,00,00,00
11:00:32.694 CAN::Logger:268284,0,300,0,0,8,03,5A,00,5A,32,00,32,B9
11:00:32.699 CAN::Logger:268284,0,301,0,0,3,88,09,00
11:00:32.703 CAN::Logger:268314,1,401,0,0,8,3D,9C,00,00,46,00,00,00
11:00:32.708 CAN::Logger:268334,1,400,0,0,8,01,00,0C,00,00,00,00,00
11:00:32.713 CAN::Logger:268334,0,300,0,0,8,03,5A,00,5A,32,00,32,BA
11:00:32.716 CAN::Logger:268334,0,301,0,0,3,C6,0A,00
11:00:32.720 CAN::Logger:268344,1,201,0,0,5,00,00,00,00,60
11:00:32.725 CAN::Logger:268354,1,203,0,0,8,00,00,00,00,00,00,00,00
11:00:32.730 CAN::Logger:268374,1,206,0,0,8,00,00,00,00,00,00,00,00
11:00:32.735 CAN::Logger:268384,0,300,0,0,8,03,5A,00,5A,32,00,32,BB
11:00:32.738 CAN::Logger:268384,0,301,0,0,3,43,0B,00
11:00:32.743 CAN::Logger:268414,1,401,0,0,8,40,9C,00,00,46,00,00,00
11:00:33.234 CAN::Logger:268434,1,400,0,0,8,01,00,0C,00,00,00,00,00
11:00:33.235 CAN::Logger:268434,0,300,0,0,8,03,5A,00,5A,32,00,32,FC
11:00:33.236 CAN::Logger:268434,0,301,0,0,3,B5,0C,00
11:00:33.240 CAN::Logger:268444,1,201,0,0,5,00,00,00,00,60
11:00:33.245 CAN::Logger:268454,1,203,0,0,8,00,00,00,00,00,00,00,00
11:00:33.249 CAN::Logger:268474,1,206,0,0,8,00,00,00,00,00,00,00,00
11:00:33.254 CAN::Logger:268484,0,300,0,0,8,03,5A,00,5A,32,00,32,FD
11:00:33.258 CAN::Logger:268484,0,301,0,0,3,4E,0D,00
11:00:33.263 CAN::Logger:268494,1,403,0,0,8,64,00,00,00,40,E3,09,00
11:00:33.267 CAN::Logger:268514,1,401,0,0,8,40,9C,00,00,46,00,00,00
11:00:33.272 CAN::Logger:268534,1,400,0,0,8,01,00,0C,00,00,00,00,00
11:00:33.277 CAN::Logger:268534,0,300,0,0,8,03,5A,00,5A,32,00,32,FE
11:00:33.281 CAN::Logger:268534,0,301,0,0,3,1D,0E,00
11:00:33.286 CAN::Logger:268544,1,201,0,0,5,00,00,00,00,60
11:00:33.290 CAN::Logger:268554,1,203,0,0,8,00,00,00,00,00,00,00,00
11:00:33.295 CAN::Logger:268564,1,204,0,0,8,00,00,00,20,00,00,00,00
11:00:33.299 CAN::Logger:268574,1,206,0,0,8,00,00,00,00,00,00,00,00
11:00:33.305 CAN::Logger:268574,1,202,0,0,8,E2,1C,00,00,33,99,05,00
11:00:33.309 CAN::Logger:268584,0,300,0,0,8,03,5A,00,5A,32,00,32,FF
11:00:33.313 CAN::Logger:268584,0,301,0,0,3,E8,0F,00
11:00:33.319 CAN::Logger:268584,1,666,0,0,8,52,08,05,00,52,95,36,02
11:00:33.323 CAN::Logger:268604,1,665,0,0,8,00,00,00,53,4C,18,53,00
11:00:33.327 CAN::Logger:268614,1,401,0,0,8,3D,9C,00,00,46,00,00,00
11:00:33.332 CAN::Logger:268614,1,200,0,0,8,4E,00,F8,AB,07,00,01,02
11:00:33.338 CAN::Logger:268634,1,400,0,0,8,01,00,0C,00,00,00,00,00
11:00:33.342 CAN::Logger:268634,0,300,0,0,8,03,5A,00,5A,32,00,32,30
11:00:33.345 CAN::Logger:268634,0,301,0,0,3,E2,00,00
11:00:33.350 CAN::Logger:268644,1,201,0,0,5,00,00,00,00,60
11:00:33.355 CAN::Logger:268654,1,203,0,0,8,00,00,00,00,00,00,00,00
11:00:33.360 CAN::Logger:268674,1,206,0,0,8,00,00,00,00,00,00,00,00
11:00:33.364 CAN::Logger:268684,0,300,0,0,8,03,5A,00,5A,32,00,32,31
11:00:33.368 CAN::Logger:268684,0,301,0,0,3,B3,01,00
11:00:33.373 CAN::Logger:268714,1,401,0,0,8,3D,9C,00,00,46,00,00,00
11:00:33.378 CAN::Logger:268734,1,400,0,0,8,01,00,0C,00,00,00,00,00
11:00:33.382 CAN::Logger:268734,0,300,0,0,8,03,5A,00,5A,32,00,32,32
11:00:33.386 CAN::Logger:268734,0,301,0,0,3,6B,02,00
11:00:33.390 CAN::Logger:268744,1,201,0,0,5,00,00,00,00,60
11:00:33.396 CAN::Logger:268754,1,203,0,0,8,00,00,00,00,00,00,00,00
11:00:33.400 CAN::Logger:268774,1,206,0,0,8,00,00,00,00,00,00,00,00
11:00:33.404 CAN::Logger:268784,0,300,0,0,8,03,5A,00,5A,32,00,32,33
11:00:33.408 CAN::Logger:268784,0,301,0,0,3,96,03,00
11:00:33.413 CAN::Logger:268814,1,401,0,0,8,3D,9C,00,00,46,00,00,00
11:00:33.419 CAN::Logger:268834,1,400,0,0,8,01,00,0C,00,00,00,00,00
11:00:33.423 CAN::Logger:268834,0,300,0,0,8,03,5A,00,5A,32,00,32,74
11:00:33.426 CAN::Logger:268834,0,301,0,0,3,03,04,00
11:00:33.430 CAN::Logger:268844,1,201,0,0,5,00,00,00,00,60
11:00:33.436 CAN::Logger:268854,1,203,0,0,8,00,00,00,00,00,00,00,00
11:00:33.440 CAN::Logger:268874,1,206,0,0,8,00,00,00,00,00,00,00,00
11:00:33.445 CAN::Logger:268884,0,300,0,0,8,03,5A,00,5A,32,00,32,75
11:00:33.449 CAN::Logger:268884,0,301,0,0,3,54,05,00
11:00:33.453 CAN::Logger:268914,1,401,0,0,8,40,9C,00,00,46,00,00,00
11:00:33.459 CAN::Logger:268934,1,400,0,0,8,01,00,0C,00,00,00,00,00
11:00:33.463 CAN::Logger:268934,0,300,0,0,8,03,5A,00,5A,32,00,32,76
11:00:33.467 CAN::Logger:268934,0,301,0,0,3,F5,06,00
11:00:33.471 CAN::Logger:268944,1,201,0,0,5,00,00,00,00,60
11:00:33.475 CAN::Logger:268954,1,203,0,0,8,00,00,00,00,00,00,00,00
11:00:33.481 CAN::Logger:268974,1,206,0,0,8,00,00,00,00,00,00,00,00
11:00:33.486 CAN::Logger:268984,0,300,0,0,8,03,5A,00,5A,32,00,32,77
11:00:33.489 CAN::Logger:268984,0,301,0,0,3,B8,07,00
11:00:33.494 CAN::Logger:268994,1,402,0,0,8,4E,00,00,00,F8,AB,07,00
11:00:33.498 CAN::Logger:269014,1,401,0,0,8,40,9C,00,00,46,00,00,00
11:00:33.502 CAN::Logger:269034,0,404,0,0,2,4A,00
11:00:33.507 CAN::Logger:269034,1,405,0,0,8,4A,00,00,00,06,00,00,00
11:00:33.511 CAN::Logger:269034,1,400,0,0,8,01,00,0C,00,00,00,00,00
11:00:33.516 CAN::Logger:269034,0,300,0,0,8,03,5A,00,5A,32,00,32,B8
11:00:33.521 CAN::Logger:269034,0,301,0,0,3,80,08,00
11:00:33.525 CAN::Logger:269044,1,201,0,0,5,00,00,00,00,60
11:00:33.529 CAN::Logger:269054,1,203,0,0,8,00,00,00,00,00,00,00,00
11:00:33.532 CAN::Logger:269064,0,404,0,0,2,02,30
11:00:33.538 CAN::Logger:269064,1,405,0,0,7,02,48,00,00,00,00,00
11:00:33.543 CAN::Logger:269074,1,206,0,0,8,00,00,00,00,00,00,00,00
11:00:33.546 CAN::Logger:269084,0,300,0,0,8,03,5A,00,5A,32,00,32,B9
11:00:33.550 CAN::Logger:269084,0,301,0,0,3,88,09,00
11:00:33.554 CAN::Logger:269094,0,404,0,0,2,44,00
11:00:33.558 CAN::Logger:269094,1,405,0,0,6,44,00,00,00,50,46
11:00:33.563 CAN::Logger:269114,1,401,0,0,8,3D,9C,00,00,46,00,00,00
11:00:33.566 CAN::Logger:269124,0,404,0,0,2,01,00
11:00:33.571 CAN::Logger:269124,1,405,0,0,8,01,00,00,00,00,04,06,04
11:00:33.575 CAN::Logger:269134,1,400,0,0,8,01,00,0C,00,00,00,00,00
11:00:33.581 CAN::Logger:269134,0,300,0,0,8,03,5A,00,5A,32,00,32,BA
11:00:33.585 CAN::Logger:269134,0,301,0,0,3,C6,0A,00
11:00:33.588 CAN::Logger:269144,1,201,0,0,5,00,00,00,00,60
11:00:33.593 CAN::Logger:269154,1,203,0,0,8,00,00,00,00,00,00,00,00
11:00:33.596 CAN::Logger:269154,0,404,0,0,2,A3,01
11:00:33.600 CAN::Logger:269154,1,405,0,0,5,A3,01,00,00,06
11:00:33.636 CAN::Logger:269174,1,206,0,0,8,00,00,00,00,00,00,00,00
11:00:33.708 CAN::Logger:269184,0,404,0,0,2,20,00
11:00:33.779 CAN::Logger:269234,0,301,0,0,3,B5,0C,00
11:00:33.851 CAN::Logger:269284,0,300,0,0,8,03,5A,00,5A,32,00,32,FD
11:00:33.923 CAN::Logger:269344,1,201,0,0,5,00,00,00,00,60
11:00:33.999 CAN::Logger:269404,1,405,0,0,6,27,00,00,00,30,30
11:00:34.071 CAN::Logger:269464,1,405,0,0,5,46,00,00,00,00
11:00:34.544 CAN::Logger:269494,1,403,0,0,8,64,00,00,00,40,E3,09,00
11:00:34.615 CAN::Logger:269494,0,404,0,0,2,4D,00
11:00:34.687 CAN::Logger:269554,1,203,0,0,8,00,00,00,00,00,00,00,00
11:00:34.759 CAN::Logger:269594,0,404,0,0,2,0A,00
11:00:34.831 CAN::Logger:269654,1,203,0,0,8,00,00,00,00,00,00,00,00
11:00:34.903 CAN::Logger:269714,1,401,0,0,8,40,9C,00,00,46,00,00,00
11:00:34.975 CAN::Logger:269814,1,401,0,0,8,40,9C,00,00,46,00,00,00
11:00:35.047 CAN::Logger:269884,0,301,0,0,3,88,09,00
11:00:35.119 CAN::Logger:269984,0,301,0,0,3,43,0B,00
11:00:35.191 CAN::Logger:270074,1,206,0,0,8,00,00,00,00,00,00,00,00
11:00:35.264 CAN::Logger:270154,1,203,0,0,8,00,00,00,00,00,00,00,00
11:00:35.335 CAN::Logger:270254,1,203,0,0,8,00,00,00,00,00,00,00,00
11:00:35.407 CAN::Logger:270344,1,201,0,0,5,00,00,00,00,60
11:00:35.479 CAN::Logger:270444,1,201,0,0,5,00,00,00,00,60
11:00:35.551 CAN::Logger:270534,0,300,0,0,8,03,5A,64,5A,32,00,32,36
11:00:35.623 CAN::Logger:270584,0,301,0,0,3,B8,07,00
11:00:35.695 CAN::Logger:270684,0,300,0,0,8,03,5A,64,5A,32,00,32,F9
11:00:35.767 CAN::Logger:270774,1,206,0,0,8,00,00,00,00,00,00,00,00
11:00:36.246 CAN::Logger:270814,1,401,0,0,8,40,9C,00,00,46,00,00,00
11:00:36.319 CAN::Logger:270834,1,400,0,0,8,01,00,0C,00,00,00,00,00
11:00:36.391 CAN::Logger:270934,0,300,0,0,8,03,5A,64,5A,32,00,32,BE
11:00:36.463 CAN::Logger:271014,1,401,0,0,8,40,9C,00,00,46,00,00,00
11:00:36.535 CAN::Logger:271084,0,301,0,0,3,B3,01,00
11:00:36.607 r:271184,0,300,0,0,8,03,5A,64,5A,32,00,32,73
11:00:36.679 CAN::Logger:271284,0,300,0,0,8,03,5A,64,5A,32,00,32,35
11:00:36.751 CAN::Logger:271374,1,206,0,0,8,00,00,00,00,00,00,00,00
11:00:36.823 CAN::Logger:271454,1,203,0,0,8,00,00,00,00,00,00,00,00
11:00:36.895 CAN::Logger:271544,1,201,0,0,5,00,00,00,00,60
11:00:36.967 CAN::Logger:271604,1,665,0,0,8,00,00,00,53,4C,18,53,00
11:00:37.039 CAN::Logger:271674,1,206,0,0,8,00,00,00,00,00,00,00,00
11:00:37.111 Logger:271754,1,203,0,0,8,00,00,00,00,00,00,00,00
11:00:37.183 CAN::Logger:271854,1,203,0,0,8,00,00,00,00,00,00,00,00
11:00:37.257 CAN::Logger:271944,1,201,0,0,5,00,00,00,00,60
11:00:37.327 CAN::Logger:272044,1,400,0,0,8,01,00,0C,00,00,00,00,00
11:00:37.399 CAN::Logger:272134,0,301,0,0,3,F5,06,00
11:00:37.471 CAN::Logger:272234,0,300,0,0,8,03,5A,64,5A,32,00,32,F8
11:00:37.543 CAN::Logger:272324,1,401,0,0,8,40,9C,00,00,46,00,00,00
11:00:37.615 CAN::Logger:272424,1,401,0,0,8,40,9C,00,00,45,00,00,00
11:00:37.687 CAN::Logger:272484,0,301,0,0,3,4E,0D,00
11:00:38.115 CAN::Logger:272504,1,403,0,0,8,64,00,00,00,40,E3,09,00
11:00:38.186 CAN::Logger:272524,1,401,0,0,8,40,9C,00,00,45,00,00,00
11:00:38.259 CAN::Logger:272584,0,300,0,0,8,03,5A,64,5A,32,00,32,BF
11:00:38.332 CAN::Logger:272674,1,206,0,0,8,00,00,00,00,00,00,00,00
11:00:38.403 CAN::Logger:272774,1,206,0,0,8,00,00,00,00,00,00,00,00
11:00:38.475 CAN::Logger:272854,1,203,0,0,8,00,00,00,00,00,00,00,00
11:00:38.547 CAN::Logger:272954,1,203,0,0,8,00,00,00,00,00,00,00,00
11:00:38.619 CAN::Logger:273044,1,400,0,0,8,01,00,0C,00,00,00,00,00
11:00:38.691 CAN::Logger:273134,0,301,0,0,3,C6,0A,00
11:00:38.763 CAN::Logger:273234,0,300,0,0,8,03,5A,64,5A,32,00,32,BC
11:00:38.835 CAN::Logger:273334,0,300,0,0,8,03,5A,64,5A,32,00,32,BE
11:00:38.907 CAN::Logger:273424,1,401,0,0,8,3D,9C,00,00,46,00,00,00
11:00:38.979 CAN::Logger:273484,0,301,0,0,3,B3,01,00
11:00:39.051 CAN::Logger:273564,1,204,0,0,8,00,00,00,20,00,00,00,00
11:00:39.123 CAN::Logger:273644,1,400,0,0,8,01,00,0C,00,00,00,00,00
11:00:39.195 CAN::Logger:273744,1,201,0,0,5,00,00,00,00,60
11:00:39.267 CAN::Logger:273844,1,201,0,0,5,00,00,00,00,60
11:00:39.339 CAN::Logger:273934,0,301,0,0,3,C6,0A,00
11:00:39.456 CAN::Logger:273974,1,40d,0,0,5,00,00,00,00,04
11:00:39.535 CAN::Logger:274084,0,301,0,0,3,4E,0D,00
11:00:39.615 CAN::Logger:274224,1,401,0,0,8,3D,9C,00,00,46,00,00,00
11:00:39.695 CAN::Logger:274334,0,300,0,0,8,03,5A,64,5A,32,00,32,72
11:00:40.166 CAN::Logger:274374,1,206,0,0,8,00,00,00,00,00,00,00,00
11:00:40.247 CAN::Logger:274384,0,300,0,0,8,03,5A,64,5A,32,00,32,73
11:00:40.327 CAN::Logger:274504,1,403,0,0,8,64,00,00,00,40,E3,09,00
11:00:40.407 CAN::Logger:274584,0,300,0,0,8,03,5A,64,5A,32,00,32,37
11:00:40.487 CAN::Logger:274654,1,203,0,0,8,00,00,00,00,00,00,00,00
11:00:40.567 CAN::Logger:274774,1,206,0,0,8,00,00,00,00,00,00,00,00
11:00:40.647 CAN::Logger:274884,0,300,0,0,8,03,5A,64,5A,32,00,32,BD
11:00:40.727 CAN::Logger:274984,0,301,0,0,3,E8,0F,00
11:00:40.807 CAN::Logger:275084,0,301,0,0,3,B3,01,00
11:00:40.887 CAN::Logger:275234,0,300,0,0,8,03,5A,64,5A,32,00,32,34
11:00:40.967 CAN::Logger:275334,0,300,0,0,8,03,5A,64,5A,32,00,32,36
11:00:41.047 301,0,0,3,80,08,00
11:00:41.127 CAN::Logger:275534,0,301,0,0,3,C6,0A,00
11:00:41.207 CAN::Logger:275634,0,300,0,0,8,03,5A,64,5A,32,00,32,BC
11:00:41.287 CAN::Logger:275734,0,301,0,0,3,1D,0E,00
11:00:41.367 CAN::Logger:275844,1,201,0,0,5,00,00,00,00,60
11:00:41.447 ,0C,00,00,00,00,00
11:00:41.527 CAN::Logger:276054,1,203,0,0,8,00,00,00,00,00,00,00,00
11:00:41.607 CAN::Logger:276184,1,206,0,0,8,00,00,00,00,00,00,00,00
11:00:41.687 CAN::Logger:276284,0,300,0,0,8,03,5A,64,5A,32,00,32,F9
11:00:41.767 CAN::Logger:276384,0,301,0,0,3,43,0B,00
