10:57:45.516 CAN::Logger:100934,1,206,0,0,8,00,00,00,00,00,00,00,00
10:57:45.517 CAN::Logger:100934,0,300,0,0,8,03,5A,64,5A,32,00,32,71
10:57:45.518 CAN::Logger:100934,0,301,0,0,3,B3,01,00
10:57:45.523 CAN::Logger:100934,1,400,0,0,8,01,00,0C,00,00,00,00,00
10:57:45.528 CAN::Logger:100984,0,300,0,0,8,03,5A,64,5A,32,00,32,72
10:57:45.531 CAN::Logger:100984,0,301,0,0,3,6B,02,00
10:57:45.536 CAN::Logger:100994,1,201,0,0,5,00,00,00,00,62
10:57:45.541 CAN::Logger:101004,1,203,0,0,8,00,00,00,00,00,00,00,00
10:57:45.546 CAN::Logger:101014,1,401,0,0,8,3D,9C,00,00,47,00,00,00
10:57:45.549 CAN::Logger:101034,0,404,0,0,2,4A,00
10:57:45.553 CAN::Logger:101034,1,206,0,0,8,00,00,00,00,00,00,00,00
10:57:45.559 CAN::Logger:101034,1,405,0,0,8,4A,00,00,00,06,00,00,00
10:57:45.563 CAN::Logger:101034,0,300,0,0,8,03,5A,64,5A,32,00,32,73
10:57:45.567 CAN::Logger:101034,0,301,0,0,3,96,03,00
10:57:45.573 CAN::Logger:101034,1,400,0,0,8,01,00,0C,00,00,00,00,00
10:57:45.575 CAN::Logger:101064,0,404,0,0,2,02,30
10:57:45.579 CAN::Logger:101064,1,405,0,0,7,02,48,00,00,00,00,00
10:57:45.584 CAN::Logger:101084,0,300,0,0,8,03,5A,64,5A,32,00,32,34
10:57:45.588 CAN::Logger:101084,0,301,0,0,3,03,04,00
10:57:45.591 CAN::Logger:101094,0,404,0,0,2,44,00
10:57:45.596 CAN::Logger:101094,1,405,0,0,6,44,00,00,00,50,46
10:57:45.601 CAN::Logger:101094,1,201,0,0,5,00,00,00,00,62
10:57:45.605 CAN::Logger:101104,1,203,0,0,8,00,00,00,00,00,00,00,00
10:57:45.609 CAN::Logger:101124,1,401,0,0,8,3D,9C,00,00,47,00,00,00
10:57:45.614 CAN::Logger:101124,0,404,0,0,2,01,00
10:57:45.618 CAN::Logger:101124,1,405,0,0,8,01,00,00,00,00,04,06,04
10:57:45.622 CAN::Logger:101134,1,206,0,0,8,00,00,00,00,00,00,00,00
10:57:45.627 CAN::Logger:101134,0,300,0,0,8,03,5A,64,5A,32,00,32,35
10:57:45.631 CAN::Logger:101134,0,301,0,0,3,54,05,00
10:57:45.636 CAN::Logger:101144,1,400,0,0,8,01,00,0C,00,00,00,00,00
10:57:45.639 CAN::Logger:101154,0,404,0,0,2,A3,01
10:57:45.643 CAN::Logger:101154,1,405,0,0,5,A3,01,00,00,06
10:57:45.648 CAN::Logger:101184,0,300,0,0,8,03,5A,64,5A,32,00,32,36
10:57:45.651 CAN::Logger:101184,0,301,0,0,3,F5,06,00
10:57:45.655 CAN::Logger:101184,0,404,0,0,2,20,00
10:57:45.660 CAN::Logger:101184,1,405,0,0,8,20,00,00,00,32,33,36,47
10:57:45.665 CAN::Logger:101194,1,201,0,0,5,00,00,00,00,62
10:57:45.669 CAN::Logger:101204,1,203,0,0,8,00,00,00,00,00,00,00,00
10:57:45.674 CAN::Logger:101224,1,401,0,0,8,3B,9C,00,00,47,00,00,00
10:57:45.678 CAN::Logger:101224,0,404,0,0,2,21,00
10:57:45.682 CAN::Logger:101224,1,405,0,0,8,21,00,00,00,35,4C,41,31
10:57:45.687 CAN::Logger:101234,1,206,0,0,8,00,00,00,00,00,00,00,00
10:57:45.692 CAN::Logger:101234,0,300,0,0,8,03,5A,64,5A,32,00,32,37
10:57:45.695 CAN::Logger:101234,0,301,0,0,3,B8,07,00
10:57:45.700 CAN::Logger:101244,1,400,0,0,8,01,00,0C,00,00,00,00,00
10:57:45.703 CAN::Logger:101244,0,404,0,0,2,22,00
10:57:45.708 CAN::Logger:101254,1,405,0,0,8,22,00,00,00,30,30,34,52
10:57:45.712 CAN::Logger:101284,0,404,0,0,2,23,00
10:57:45.716 CAN::Logger:101284,1,405,0,0,8,23,00,00,00,4D,30,30,30
10:57:45.721 CAN::Logger:101284,0,300,0,0,8,03,5A,64,5A,32,00,32,F8
10:57:45.725 CAN::Logger:101284,0,301,0,0,3,80,08,00
10:57:45.728 CAN::Logger:101294,1,201,0,0,5,00,00,00,00,62
10:57:45.733 CAN::Logger:101304,1,203,0,0,8,00,00,00,00,00,00,00,00
10:57:45.738 CAN::Logger:101314,0,404,0,0,2,24,00
10:57:45.742 CAN::Logger:101314,1,405,0,0,8,24,00,00,00,30,30,30,30
10:57:45.746 CAN::Logger:101324,1,401,0,0,8,3B,9C,00,00,47,00,00,00
10:57:45.751 CAN::Logger:101334,1,206,0,0,8,00,00,00,00,00,00,00,00
10:57:45.756 CAN::Logger:101334,0,300,0,0,8,03,5A,64,5A,32,00,32,F9
10:57:45.760 CAN::Logger:101334,0,301,0,0,3,88,09,00
10:57:45.765 CAN::Logger:101344,1,400,0,0,8,01,00,0C,00,00,00,00,00
10:57:45.768 CAN::Logger:101344,0,404,0,0,2,25,00
10:57:45.773 CAN::Logger:101344,1,405,0,0,8,25,00,00,00,30,30,30,30
10:57:45.776 CAN::Logger:101374,0,404,0,0,2,26,00
10:57:45.781 CAN::Logger:101384,1,405,0,0,8,26,00,00,00,30,30,30,30
10:57:45.786 CAN::Logger:101384,0,300,0,0,8,03,5A,64,5A,32,00,32,FA
10:57:45.789 CAN::Logger:101384,0,301,0,0,3,C6,0A,00
10:57:45.794 CAN::Logger:101394,1,201,0,0,5,00,00,00,00,62
10:57:45.799 CAN::Logger:101404,1,403,0,0,8,64,00,00,00,40,E3,09,00
10:57:45.801 CAN::Logger:101404,0,404,0,0,2,27,00
10:57:45.806 CAN::Logger:101404,1,405,0,0,6,27,00,00,00,30,30
10:57:45.811 CAN::Logger:101404,1,203,0,0,8,00,00,00,00,00,00,00,00
10:57:45.817 CAN::Logger:101424,1,401,0,0,8,3D,9C,00,00,47,00,00,00
10:57:45.821 CAN::Logger:101434,1,206,0,0,8,00,00,00,00,00,00,00,00
10:57:45.825 CAN::Logger:101434,0,300,0,0,8,03,5A,64,5A,32,00,32,FB
10:57:45.829 CAN::Logger:101434,0,301,0,0,3,43,0B,00
10:57:45.833 CAN::Logger:101434,0,404,0,0,2,4C,00
10:57:45.837 CAN::Logger:101434,1,405,0,0,8,4C,00,00,00,01,24,00,00
10:57:45.842 CAN::Logger:101444,1,400,0,0,8,01,00,0C,00,00,00,00,00
10:57:45.846 CAN::Logger:101464,0,404,0,0,2,46,00
10:57:45.850 CAN::Logger:101464,1,405,0,0,5,46,00,00,00,00
10:57:45.855 CAN::Logger:101484,0,300,0,0,8,03,5A,64,5A,32,00,32,BC
10:57:45.859 CAN::Logger:101484,0,301,0,0,3,B5,0C,00
10:57:45.863 CAN::Logger:101494,1,201,0,0,5,00,00,00,00,62
10:57:45.865 CAN::Logger:101494,0,404,0,0,2,4D,00
10:57:45.870 CAN::Logger:101504,1,405,0,0,8,4D,00,00,00,00,00,00,00
10:57:45.876 CAN::Logger:101504,1,203,0,0,8,00,00,00,00,00,00,00,00
10:57:45.880 CAN::Logger:101524,1,401,0,0,8,3D,9C,00,00,47,00,00,00
10:57:45.884 CAN::Logger:101534,1,206,0,0,8,00,00,00,00,00,00,00,00
10:57:45.888 CAN::Logger:101534,0,404,0,0,2,50,00
10:57:45.893 CAN::Logger:101534,1,405,0,0,8,50,00,00,00,EE,00,F1,00
10:57:45.898 CAN::Logger:101534,0,300,0,0,8,03,5A,64,5A,32,00,32,BD
10:57:45.901 CAN::Logger:101534,0,301,0,0,3,4E,0D,00
10:57:45.906 CAN::Logger:101544,1,400,0,0,8,01,00,0C,00,00,00,00,00
10:57:45.910 CAN::Logger:101564,0,404,0,0,2,02,00
10:57:45.914 CAN::Logger:101564,1,405,0,0,8,02,00,00,00,53,49,43,54
10:57:45.919 CAN::Logger:101584,0,300,0,0,8,03,5A,64,5A,32,00,32,BE
10:57:45.923 CAN::Logger:101584,0,301,0,0,3,1D,0E,00
10:57:45.926 CAN::Logger:101594,0,404,0,0,2,0A,00
10:57:45.931 CAN::Logger:101594,1,405,0,0,8,0A,00,00,00,30,3A,00,00
10:57:45.935 CAN::Logger:101594,1,201,0,0,5,00,00,00,00,62
10:57:45.940 CAN::Logger:101604,1,203,0,0,8,00,00,00,00,00,00,00,00
10:57:45.945 CAN::Logger:101624,1,204,0,0,8,00,00,00,00,00,00,00,00
10:57:45.950 CAN::Logger:101624,1,401,0,0,8,3D,9C,00,00,46,00,00,00
10:57:45.953 CAN::Logger:101624,0,404,0,0,2,04,00
10:57:45.957 CAN::Logger:101624,1,405,0,0,7,04,0,00,00,16,09,02
10:57:45.962 CAN::Logger:101634,1,206,0,0,8,00,00,00,00,00,00,00,00
10:57:45.968 CAN::Logger:101634,1,202,0,0,8,E2,1D,00,00,33,99,05,00
10:57:45.972 CAN::Logger:101634,0,300,0,0,8,03,5A,64,5A,32,00,32,BF
10:57:45.975 CAN::Logger:101634,0,301,0,0,3,E8,0F,00
10:57:45.981 CAN::Logger:101644,1,400,0,0,8,01,00,0C,00,00,00,00,00
10:57:45.984 CAN::Logger:101654,0,404,0,0,2,B0,01
10:57:45.988 CAN::Logger:101654,1,405,0,0,6,B0,01,00,00,00,00
10:57:45.993 CAN::Logger:101684,0,300,0,0,8,03,5A,64,5A,32,00,32,70
10:57:45.996 CAN::Logger:101684,0,301,0,0,3,E2,00,00
10:57:46.000 CAN::Logger:101694,0,404,0,0,2,B1,01
10:57:46.004 CAN::Logger:101694,1,405,0,0,6,B1,01,00,00,00,00
10:57:46.008 CAN::Logger:101694,1,201,0,0,5,00,00,00,00,62
10:57:46.013 CAN::Logger:101704,1,203,0,0,8,00,00,00,00,00,00,00,00
10:57:46.019 CAN::Logger:101724,1,401,0,0,8,3D,9C,00,00,46,00,00,00
10:57:46.023 CAN::Logger:101734,1,206,0,0,8,00,00,00,00,00,00,00,00
10:57:46.028 CAN::Logger:101734,0,300,0,0,8,03,5A,64,5A,32,00,32,71
10:57:46.031 CAN::Logger:101734,0,301,0,0,3,B3,01,00
10:57:46.037 CAN::Logger:101744,1,400,0,0,8,01,00,0C,00,00,00,00,00
10:57:46.526 CAN::Logger:101784,0,300,0,0,8,03,5A,64,5A,32,00,32,72
10:57:46.527 CAN::Logger:101784,0,301,0,0,3,6B,02,00
10:57:46.528 CAN::Logger:101794,1,201,0,0,5,00,00,00,00,62
10:57:46.532 CAN::Logger:101804,1,203,0,0,8,00,00,00,00,00,00,00,00
10:57:46.537 CAN::Logger:101824,1,401,0,0,8,3D,9C,00,00,46,00,00,00
10:57:46.542 CAN::Logger:101834,1,206,0,0,8,00,00,00,00,00,00,00,00
10:57:46.547 CAN::Logger:101834,0,300,0,0,8,03,5A,64,5A,32,00,32,73
10:57:46.550 CAN::Logger:101834,0,301,0,0,3,96,03,00
10:57:46.555 CAN::Logger:101844,1,400,0,0,8,01,00,0C,00,00,00,00,00
10:57:46.560 CAN::Logger:101884,0,300,0,0,8,03,5A,64,5A,32,00,32,34
10:57:46.565 CAN::Logger:101884,0,301,0,0,3,03,04,00
10:57:46.569 CAN::Logger:101894,1,201,0,0,5,00,00,00,00,62
10:57:46.573 CAN::Logger:101904,1,402,0,0,8,4E,00,00,00,F8,AB,07,00
10:57:46.577 CAN::Logger:101904,1,203,0,0,8,00,00,00,00,00,00,00,00
10:57:46.582 CAN::Logger:101924,1,401,0,0,8,3B,9C,00,00,46,00,00,00
10:57:46.587 CAN::Logger:101934,1,206,0,0,8,00,00,00,00,00,00,00,00
10:57:46.592 CAN::Logger:101934,0,300,0,0,8,03,5A,64,5A,32,00,32,35
10:57:46.596 CAN::Logger:101934,0,301,0,0,3,54,05,00
10:57:46.600 CAN::Logger:101944,1,400,0,0,8,01,00,0C,00,00,00,00,00
10:57:46.606 CAN::Logger:101984,0,300,0,0,8,03,5A,64,5A,32,00,32,36
10:57:46.610 CAN::Logger:101984,0,301,0,0,3,F5,06,00
10:57:46.614 CAN::Logger:101994,1,201,0,0,5,00,00,00,00,62
10:57:46.618 CAN::Logger:102004,1,203,0,0,8,00,00,00,00,00,00,00,00
10:57:46.623 CAN::Logger:102024,1,401,0,0,8,3B,9C,00,00,46,00,00,00
10:57:46.629 CAN::Logger:102034,1,206,0,0,8,00,00,00,00,00,00,00,00
10:57:46.632 CAN::Logger:102034,0,300,0,0,8,03,5A,64,5A,32,00,32,37
10:57:46.637 CAN::Logger:102034,0,301,0,0,3,B8,07,00
10:57:46.642 CAN::Logger:102044,1,400,0,0,8,01,00,0C,00,00,00,00,00
10:57:46.646 CAN::Logger:102084,0,300,0,0,8,03,5A,64,5A,32,00,32,F8
10:57:46.649 CAN::Logger:102084,0,301,0,0,3,80,08,00
10:57:46.654 CAN::Logger:102094,1,201,0,0,5,00,00,00,00,62
10:57:46.658 CAN::Logger:102104,1,203,0,0,8,00,00,00,00,00,00,00,00
10:57:46.663 CAN::Logger:102124,1,401,0,0,8,3B,9C,00,00,46,00,00,00
10:57:46.668 CAN::Logger:102134,1,206,0,0,8,00,00,00,00,00,00,00,00
10:57:46.674 CAN::Logger:102134,0,300,0,0,8,03,5A,64,5A,32,00,32,F9
10:57:46.676 CAN::Logger:102134,0,301,0,0,3,88,09,00
10:57:46.681 CAN::Logger:102144,1,400,0,0,8,01,00,0C,00,00,00,00,00
10:57:46.686 CAN::Logger:102184,0,300,0,0,8,03,5A,64,5A,32,00,32,FA
10:57:46.691 CAN::Logger:102184,0,301,0,0,3,C6,0A,00
10:57:46.694 CAN::Logger:102194,1,201,0,0,5,00,00,00,00,62
10:57:46.699 CAN::Logger:102204,1,203,0,0,8,00,00,00,00,00,00,00,00
10:57:46.704 CAN::Logger:102224,1,401,0,0,8,3B,9C,00,00,46,00,00,00
10:57:46.709 CAN::Logger:102234,1,206,0,0,8,00,00,00,00,00,00,00,00
10:57:46.713 CAN::Logger:102234,0,300,0,0,8,03,5A,64,5A,32,00,32,FB
10:57:46.717 CAN::Logger:102234,0,301,0,0,3,43,0B,00
10:57:46.723 CAN::Logger:102244,1,400,0,0,8,01,00,0C,00,00,00,00,00
10:57:46.726 CAN::Logger:102284,0,300,0,0,8,03,5A,64,5A,32,00,32,BC
10:57:46.730 CAN::Logger:102284,0,301,0,0,3,B5,0C,00
10:57:46.735 CAN::Logger:102294,1,201,0,0,5,00,00,00,00,62
10:57:46.740 CAN::Logger:102304,1,203,0,0,8,00,00,00,00,00,00,00,00
10:57:46.744 CAN::Logger:102324,1,401,0,0,8,3B,9C,00,00,46,00,00,00
10:57:46.749 CAN::Logger:102334,1,206,0,0,8,00,00,00,00,00,00,00,00
10:57:46.754 CAN::Logger:102334,0,300,0,0,8,03,5A,64,5A,32,00,32,BD
10:57:46.757 CAN::Logger:102334,0,301,0,0,3,4E,0D,00
10:57:46.762 CAN::Logger:102344,1,400,0,0,8,01,00,0C,00,00,00,00,00
10:57:46.768 CAN::Logger:102384,0,300,0,0,8,03,5A,64,5A,32,00,32,BE
10:57:46.770 CAN::Logger:102384,0,301,0,0,3,1D,0E,00
10:57:46.774 CAN::Logger:102394,1,201,0,0,5,00,00,00,00,62
10:57:46.780 CAN::Logger:102404,1,403,0,0,8,64,00,00,00,40,E3,09,00
10:57:46.785 CAN::Logger:102404,1,203,0,0,8,00,00,00,00,00,00,00,00
10:57:46.790 CAN::Logger:102424,1,401,0,0,8,39,9C,00,00,46,00,00,00
10:57:46.795 CAN::Logger:102434,1,206,0,0,8,00,00,00,00,00,00,00,00
10:57:46.799 CAN::Logger:102434,0,300,0,0,8,03,5A,64,5A,32,00,32,BF
10:57:46.802 CAN::Logger:102434,0,301,0,0,3,E8,0F,00
10:57:46.808 CAN::Logger:102444,1,400,0,0,8,01,00,0C,00,00,00,00,00
10:57:46.812 CAN::Logger:102484,0,300,0,0,8,03,5A,64,5A,32,00,32,70
10:57:46.816 CAN::Logger:102484,0,301,0,0,3,E2,00,00
10:57:46.821 CAN::Logger:102494,1,201,0,0,5,00,00,00,00,62
10:57:46.825 CAN::Logger:102504,1,203,0,0,8,00,00,00,00,00,00,00,00
10:57:46.830 CAN::Logger:102524,1,401,0,0,8,39,9C,00,00,46,00,00,00
10:57:46.834 CAN::Logger:102534,1,206,0,0,8,00,00,00,00,00,00,00,00
10:57:46.840 CAN::Logger:102534,0,300,0,0,8,03,5A,64,5A,32,00,32,71
10:57:46.844 CAN::Logger:102534,0,301,0,0,3,B3,01,00
10:57:46.848 CAN::Logger:102544,1,400,0,0,8,01,00,0C,00,00,00,00,00
10:57:46.852 CAN::Logger:102584,0,300,0,0,8,03,5A,64,5A,32,00,32,72
10:57:46.856 CAN::Logger:102584,0,301,0,0,3,6B,02,00
10:57:46.861 CAN::Logger:102594,1,201,0,0,5,00,00,00,00,62
10:57:46.865 CAN::Logger:102604,1,203,0,0,8,00,00,00,00,00,00,00,00
10:57:46.871 CAN::Logger:102624,1,204,0,0,8,00,00,00,00,00,00,00,00
10:57:46.875 CAN::Logger:102624,1,401,0,0,8,39,9C,00,00,46,00,00,00
10:57:46.879 CAN::Logger:102634,1,206,0,0,8,00,00,00,00,00,00,00,00
10:57:46.884 CAN::Logger:102634,1,202,0,0,8,E2,1D,00,00,33,99,05,00
10:57:46.889 CAN::Logger:102634,0,300,0,0,8,03,5A,64,5A,32,00,32,73
10:57:46.893 CAN::Logger:102634,0,301,0,0,3,96,03,00
10:57:46.899 CAN::Logger:102644,1,400,0,0,8,01,00,0C,00,00,00,00,00
10:57:46.902 CAN::Logger:102684,0,300,0,0,8,03,5A,64,5A,32,00,32,34
10:57:46.906 CAN::Logger:102684,0,301,0,0,3,03,04,00
10:57:46.910 CAN::Logger:102694,1,201,0,0,5,00,00,00,00,62
10:57:46.915 CAN::Logger:102704,1,203,0,0,8,00,00,00,00,00,00,00,00
10:57:46.920 CAN::Logger:102724,1,401,0,0,8,3B,9C,00,00,46,00,00,00
10:57:46.925 CAN::Logger:102734,1,206,0,0,8,00,00,00,00,00,00,00,00
10:57:46.929 CAN::Logger:102734,0,300,0,0,8,03,5A,64,5A,32,00,32,35
10:57:46.933 CAN::Logger:102734,0,301,0,0,3,54,05,00
10:57:46.938 CAN::Logger:102744,1,400,0,0,8,01,00,0C,00,00,00,00,00
10:57:47.436 CAN::Logger:102784,0,300,0,0,8,03,5A,64,5A,32,00,32,36
10:57:47.437 CAN::Logger:102784,0,301,0,0,3,F5,06,00
10:57:47.438 CAN::Logger:102794,1,201,0,0,5,00,00,00,00,62
10:57:47.442 CAN::Logger:102804,1,203,0,0,8,00,00,00,00,00,00,00,00
10:57:47.447 CAN::Logger:102824,1,401,0,0,8,3B,9C,00,00,47,00,00,00
10:57:47.452 CAN::Logger:102834,1,206,0,0,8,00,00,00,00,00,00,00,00
10:57:47.457 CAN::Logger:102834,0,300,0,0,8,03,5A,64,5A,32,00,32,37
10:57:47.461 CAN::Logger:102834,0,301,0,0,3,B8,07,00
10:57:47.465 CAN::Logger:102844,1,400,0,0,8,01,00,0C,00,00,00,00,00
10:57:47.471 CAN::Logger:102884,0,300,0,0,8,03,5A,64,5A,32,00,32,F8
10:57:47.475 CAN::Logger:102884,0,301,0,0,3,80,08,00
10:57:47.479 CAN::Logger:102894,1,201,0,0,5,00,00,00,00,62
10:57:47.483 CAN::Logger:102904,1,402,0,0,8,4E,00,00,00,F8,AB,07,00
10:57:47.487 CAN::Logger:102904,1,203,0,0,8,00,00,00,00,00,00,00,00
10:57:47.493 CAN::Logger:102924,1,401,0,0,8,3B,9C,00,00,47,00,00,00
10:57:47.497 CAN::Logger:102934,1,206,0,0,8,00,00,00,00,00,00,00,00
10:57:47.502 CAN::Logger:102934,0,300,0,0,8,03,5A,64,5A,32,00,32,F9
10:57:47.507 CAN::Logger:102934,0,301,0,0,3,88,09,00
10:57:47.511 CAN::Logger:102944,1,400,0,0,8,01,00,0C,00,00,00,00,00
10:57:47.515 CAN::Logger:102984,0,300,0,0,8,03,5A,64,5A,32,00,32,FA
10:57:47.520 CAN::Logger:102984,0,301,0,0,3,C6,0A,00
10:57:47.524 CAN::Logger:102994,1,201,0,0,5,00,00,00,00,62
10:57:47.528 CAN::Logger:103004,1,203,0,0,8,00,00,00,00,00,00,00,00
10:57:47.533 CAN::Logger:103024,1,401,0,0,8,3B,9C,00,00,47,00,00,00
10:57:47.539 CAN::Logger:103034,1,206,0,0,8,00,00,00,00,00,00,00,00
10:57:47.542 CAN::Logger:103034,0,300,0,0,8,03,5A,64,5A,32,00,32,FB
10:57:47.546 CAN::Logger:103034,0,301,0,0,3,43,0B,00
10:57:47.551 CAN::Logger:103044,1,400,0,0,8,01,00,0C,00,00,00,00,00
10:57:47.556 CAN::Logger:103084,0,300,0,0,8,03,5A,64,5A,32,00,32,BC
10:57:47.559 CAN::Logger:103084,0,301,0,0,3,B5,0C,00
10:57:47.563 CAN::Logger:103094,1,201,0,0,5,00,00,00,00,62
10:57:47.568 CAN::Logger:103104,1,203,0,0,8,00,00,00,00,00,00,00,00
10:57:47.574 CAN::Logger:103124,1,401,0,0,8,3B,9C,00,00,47,00,00,00
10:57:47.578 CAN::Logger:103134,1,206,0,0,8,00,00,00,00,00,00,00,00
10:57:47.583 CAN::Logger:103134,0,300,0,0,8,03,5A,64,5A,32,00,32,BD
10:57:47.587 CAN::Logger:103134,0,301,0,0,3,4E,0D,00
10:57:47.592 CAN::Logger:103144,1,400,0,0,8,01,00,0C,00,00,00,00,00
10:57:47.596 CAN::Logger:103184,0,300,0,0,8,03,5A,64,5A,32,00,32,BE
10:57:47.600 CAN::Logger:103184,0,301,0,0,3,1D,0E,00
10:57:47.604 CAN::Logger:103194,1,201,0,0,5,00,00,00,00,62
10:57:47.609 CAN::Logger:103204,1,203,0,0,8,00,00,00,00,00,00,00,00
10:57:47.613 CAN::Logger:103224,1,401,0,0,8,3D,9C,00,00,47,00,00,00
10:57:47.618 CAN::Logger:103234,1,206,0,0,8,00,00,00,00,00,00,00,00
10:57:47.623 CAN::Logger:103234,0,300,0,0,8,03,5A,64,5A,32,00,32,BF
10:57:47.627 CAN::Logger:103234,0,301,0,0,3,E8,0F,00
10:57:47.632 CAN::Logger:103244,1,400,0,0,8,01,00,0C,00,00,00,00,00
10:57:47.636 CAN::Logger:103284,0,300,0,0,8,03,5A,64,5A,32,00,32,70
10:57:47.640 CAN::Logger:103284,0,301,0,0,3,E2,00,00
10:57:47.644 CAN::Logger:103294,1,201,0,0,5,00,00,00,00,62
10:57:47.649 CAN::Logger:103304,1,203,0,0,8,00,00,00,00,00,00,00,00
10:57:47.654 CAN::Logger:103324,1,401,0,0,8,3D,9C,00,00,46,00,00,00
10:57:47.660 CAN::Logger:103334,1,206,0,0,8,00,00,00,00,00,00,00,00
10:57:47.663 CAN::Logger:103334,0,300,0,0,8,03,5A,64,5A,32,00,32,71
10:57:47.667 CAN::Logger:103334,0,301,0,0,3,B3,01,00
10:57:47.672 CAN::Logger:103344,1,400,0,0,8,01,00,0C,00,00,00,00,00
10:57:47.677 CAN::Logger:103384,0,300,0,0,8,03,5A,64,5A,32,00,32,72
10:57:47.680 CAN::Logger:103384,0,301,0,0,3,6B,02,00
10:57:47.685 CAN::Logger:103394,1,201,0,0,5,00,00,00,00,62
10:57:47.689 CAN::Logger:103404,1,403,0,0,8,64,00,00,00,40,E3,09,00
10:57:47.694 CAN::Logger:103404,1,203,0,0,8,00,00,00,00,00,00,00,00
10:57:47.699 CAN::Logger:103424,1,401,0,0,8,3B,9C,00,00,46,00,00,00
10:57:47.705 CAN::Logger:103434,1,206,0,0,8,00,00,00,00,00,00,00,00
10:57:47.710 CAN::Logger:103434,0,300,0,0,8,03,5A,64,5A,32,00,32,73
10:57:47.712 CAN::Logger:103434,0,301,0,0,3,96,03,00
10:57:47.718 CAN::Logger:103444,1,400,0,0,8,01,00,0C,00,00,00,00,00
10:57:47.723 CAN::Logger:103484,0,300,0,0,8,03,5A,64,5A,32,00,32,34
10:57:47.726 CAN::Logger:103484,0,301,0,0,3,03,04,00
10:57:47.730 CAN::Logger:103494,1,201,0,0,5,00,00,00,00,62
10:57:47.735 CAN::Logger:103504,1,203,0,0,8,00,00,00,00,00,00,00,00
10:57:47.740 CAN::Logger:103524,1,401,0,0,8,3B,9C,00,00,46,00,00,00
10:57:47.744 CAN::Logger:103534,1,206,0,0,8,00,00,00,00,00,00,00,00
10:57:47.750 CAN::Logger:103534,0,300,0,0,8,03,5A,64,5A,32,00,32,35
10:57:47.753 CAN::Logger:103534,0,301,0,0,3,54,05,00
10:57:47.757 CAN::Logger:103544,1,400,0,0,8,01,00,0C,00,00,00,00,00
10:57:47.762 CAN::Logger:103584,0,300,0,0,8,03,5A,64,5A,32,00,32,36
10:57:47.767 CAN::Logger:103584,0,301,0,0,3,F5,06,00
10:57:47.770 CAN::Logger:103594,1,201,0,0,5,00,00,00,00,62
10:57:47.775 CAN::Logger:103604,1,203,0,0,8,00,00,00,00,00,00,00,00
10:57:47.780 CAN::Logger:103624,1,204,0,0,8,00,00,00,00,00,00,00,00
10:57:47.785 CAN::Logger:103624,1,401,0,0,8,3B,9C,00,00,46,00,00,00
10:57:47.790 CAN::Logger:103634,1,206,0,0,8,00,00,00,00,00,00,00,00
10:57:47.795 CAN::Logger:103634,1,202,0,0,8,E2,1D,00,00,33,99,05,00
10:57:47.799 CAN::Logger:103634,0,300,0,0,8,03,5A,64,5A,32,00,32,37
10:57:47.804 CAN::Logger:103634,0,301,0,0,3,B8,07,00
10:57:47.808 CAN::Logger:103644,1,666,0,0,8,52,08,05,00,52,95,36,02
10:57:47.812 CAN::Logger:103644,1,400,0,0,8,01,00,0C,00,00,00,00,00
10:57:47.817 CAN::Logger:103654,1,665,0,0,8,00,00,00,53,4C,18,53,00
10:57:47.822 CAN::Logger:103664,1,200,0,0,8,4E,00,F8,AB,07,00,00,00
10:57:47.827 CAN::Logger:103684,0,300,0,0,8,03,5A,64,5A,32,00,32,F8
10:57:47.831 CAN::Logger:103684,0,301,0,0,3,80,08,00
10:57:48.327 CAN::Logger:103694,1,201,0,0,5,00,00,00,00,62
10:57:48.327 CAN::Logger:103704,1,203,0,0,8,00,00,00,00,00,00,00,00
10:57:48.329 CAN::Logger:103724,1,401,0,0,8,3B,9C,00,00,46,00,00,00
10:57:48.334 CAN::Logger:103734,1,206,0,0,8,00,00,00,00,00,00,00,00
10:57:48.338 CAN::Logger:103734,0,300,0,0,8,03,5A,64,5A,32,00,32,F9
10:57:48.342 CAN::Logger:103734,0,301,0,0,3,88,09,00
10:57:48.347 CAN::Logger:103744,1,400,0,0,8,01,00,0C,00,00,00,00,00
10:57:48.352 CAN::Logger:103784,0,300,0,0,8,03,5A,64,5A,32,00,32,FA
10:57:48.355 CAN::Logger:103784,0,301,0,0,3,C6,0A,00
10:57:48.359 CAN::Logger:103794,1,201,0,0,5,00,00,00,00,62
10:57:48.365 CAN::Logger:103804,1,203,0,0,8,00,00,00,00,00,00,00,00
10:57:48.370 CAN::Logger:103824,1,401,0,0,8,3B,9C,00,00,46,00,00,00
10:57:48.375 CAN::Logger:103834,1,206,0,0,8,00,00,00,00,00,00,00,00
10:57:48.380 CAN::Logger:103834,0,300,0,0,8,03,5A,64,5A,32,00,32,FB
10:57:48.382 CAN::Logger:103834,0,301,0,0,3,43,0B,00
10:57:48.387 CAN::Logger:103844,1,400,0,0,8,01,00,0C,00,00,00,00,00
10:57:48.392 CAN::Logger:103884,0,300,0,0,8,03,5A,64,5A,32,00,32,BC
10:57:48.396 CAN::Logger:103884,0,301,0,0,3,B5,0C,00
10:57:48.401 CAN::Logger:103894,1,201,0,0,5,00,00,00,00,62
10:57:48.405 CAN::Logger:103904,1,402,0,0,8,4E,00,00,00,F8,AB,07,00
10:57:48.409 CAN::Logger:103904,1,203,0,0,8,00,00,00,00,00,00,00,00
10:57:48.414 CAN::Logger:103924,1,401,0,0,8,3D,9C,00,00,46,00,00,00
10:57:48.419 CAN::Logger:103934,1,206,0,0,8,00,00,00,00,00,00,00,00
10:57:48.425 CAN::Logger:103934,0,300,0,0,8,03,5A,64,5A,32,00,32,BD
10:57:48.428 CAN::Logger:103934,0,301,0,0,3,4E,0D,00
10:57:48.433 CAN::Logger:103944,1,400,0,0,8,01,00,0C,00,00,00,00,00
10:57:48.437 CAN::Logger:103984,0,300,0,0,8,03,5A,64,5A,32,00,32,BE
10:57:48.441 CAN::Logger:103984,0,301,0,0,3,1D,0E,00
10:57:48.445 CAN::Logger:103994,1,201,0,0,5,00,00,00,00,62
10:57:48.450 CAN::Logger:104004,1,203,0,0,8,00,00,00,00,00,00,00,00
10:57:48.456 CAN::Logger:104024,1,401,0,0,8,3D,9C,00,00,46,00,00,00
10:57:48.460 CAN::Logger:104034,1,206,0,0,8,00,00,00,00,00,00,00,00
10:57:48.464 CAN::Logger:104034,0,300,0,0,8,03,5A,64,5A,32,00,32,BF
10:57:48.468 CAN::Logger:104034,0,301,0,0,3,E8,0F,00
10:57:48.473 CAN::Logger:104044,1,400,0,0,8,01,00,0C,00,00,00,00,00
10:57:48.479 CAN::Logger:104084,0,300,0,0,8,03,5A,64,5A,32,00,32,70
10:57:48.482 CAN::Logger:104084,0,301,0,0,3,E2,00,00
10:57:48.485 CAN::Logger:104094,1,201,0,0,5,00,00,00,00,62
10:57:48.490 CAN::Logger:104104,1,203,0,0,8,00,00,00,00,00,00,00,00
10:57:48.496 CAN::Logger:104124,1,401,0,0,8,3D,9C,00,00,47,00,00,00
10:57:48.500 CAN::Logger:104134,1,206,0,0,8,00,00,00,00,00,00,00,00
10:57:48.505 CAN::Logger:104134,0,300,0,0,8,03,5A,64,5A,32,00,32,71
10:57:48.508 CAN::Logger:104134,0,301,0,0,3,B3,01,00
10:57:48.513 CAN::Logger:104144,1,400,0,0,8,01,00,0C,00,00,00,00,00
10:57:48.518 CAN::Logger:104184,0,300,0,0,8,03,5A,64,5A,32,00,32,72
10:57:48.521 CAN::Logger:104184,0,301,0,0,3,6B,02,00
10:57:48.526 CAN::Logger:104194,1,201,0,0,5,00,00,00,00,62
10:57:48.530 CAN::Logger:104204,1,203,0,0,8,00,00,00,00,00,00,00,00
10:57:48.535 CAN::Logger:104224,1,401,0,0,8,3D,9C,00,00,47,00,00,00
10:57:48.541 CAN::Logger:104234,1,206,0,0,8,00,00,00,00,00,00,00,00
10:57:48.545 CAN::Logger:104234,0,300,0,0,8,03,5A,64,5A,32,00,32,73
10:57:48.549 CAN::Logger:104234,0,301,0,0,3,96,03,00
10:57:48.553 CAN::Logger:104244,1,400,0,0,8,01,00,0C,00,00,00,00,00
10:57:48.559 CAN::Logger:104284,0,300,0,0,8,03,5A,64,5A,32,00,32,34
10:57:48.562 CAN::Logger:104284,0,301,0,0,3,03,04,00
10:57:48.566 CAN::Logger:104294,1,201,0,0,5,00,00,00,00,62
10:57:48.571 CAN::Logger:104304,1,203,0,0,8,00,00,00,00,00,00,00,00
10:57:48.576 CAN::Logger:104324,1,401,0,0,8,3D,9C,00,00,47,00,00,00
10:57:48.581 CAN::Logger:104334,1,206,0,0,8,00,00,00,00,00,00,00,00
10:57:48.585 CAN::Logger:104334,0,300,0,0,8,03,5A,64,5A,32,00,32,35
10:57:48.589 CAN::Logger:104334,0,301,0,0,3,54,05,00
10:57:48.595 CAN::Logger:104344,1,400,0,0,8,01,00,0C,00,00,00,00,00
10:57:48.599 CAN::Logger:104384,0,300,0,0,8,03,5A,64,5A,32,00,32,36
10:57:48.602 CAN::Logger:104384,0,301,0,0,3,F5,06,00
10:57:48.606 CAN::Logger:104394,1,201,0,0,5,00,00,00,00,62
10:57:48.611 CAN::Logger:104404,1,403,0,0,8,64,00,00,00,40,E3,09,00
10:57:48.616 CAN::Logger:104404,1,203,0,0,8,00,00,00,00,00,00,00,00
10:57:48.621 CAN::Logger:104424,1,401,0,0,8,3D,9C,00,00,47,00,00,00
10:57:48.626 CAN::Logger:104434,1,206,0,0,8,00,00,00,00,00,00,00,00
10:57:48.632 CAN::Logger:104434,0,300,0,0,8,03,5A,64,5A,32,00,32,37
10:57:48.635 CAN::Logger:104434,0,301,0,0,3,B8,07,00
10:57:48.639 CAN::Logger:104444,1,400,0,0,8,01,00,0C,00,00,00,00,00
10:57:48.645 CAN::Logger:104484,0,300,0,0,8,03,5A,64,5A,32,00,32,F8
10:57:48.647 CAN::Logger:104484,0,301,0,0,3,80,08,00
10:57:48.652 CAN::Logger:104494,1,201,0,0,5,00,00,00,00,62
10:57:48.657 CAN::Logger:104504,1,203,0,0,8,00,00,00,00,00,00,00,00
10:57:48.662 CAN::Logger:104524,1,401,0,0,8,3D,9C,00,00,47,00,00,00
10:57:48.667 CAN::Logger:104534,1,206,0,0,8,00,00,00,00,00,00,00,00
10:57:48.672 CAN::Logger:104534,0,300,0,0,8,03,5A,64,5A,32,00,32,F9
10:57:48.675 CAN::Logger:104534,0,301,0,0,3,88,09,00
10:57:48.680 CAN::Logger:104544,1,400,0,0,8,01,00,0C,00,00,00,00,00
10:57:49.176 CAN::Logger:104584,0,300,0,0,8,03,5A,64,5A,32,00,32,FA
10:57:49.177 CAN::Logger:104584,0,301,0,0,3,C6,0A,00
10:57:49.178 CAN::Logger:104594,1,201,0,0,5,00,00,00,00,62
10:57:49.182 CAN::Logger:104604,1,203,0,0,8,00,00,00,00,00,00,00,00
10:57:49.187 CAN::Logger:104624,1,204,0,0,8,00,00,00,00,00,00,00,00
10:57:49.192 CAN::Logger:104624,1,401,0,0,8,3D,9C,00,00,47,00,00,00
10:57:49.197 CAN::Logger:104634,1,206,0,0,8,00,00,00,00,00,00,00,00
10:57:49.202 CAN::Logger:104634,1,202,0,0,8,E2,1D,00,00,33,99,05,00
10:57:49.207 CAN::Logger:104634,0,300,0,0,8,03,5A,64,5A,32,00,32,FB
10:57:49.210 CAN::Logger:104634,0,301,0,0,3,43,0B,00
10:57:49.216 CAN::Logger:104644,1,400,0,0,8,01,00,0C,00,00,00,00,00
10:57:49.220 CAN::Logger:104684,0,300,0,0,8,03,5A,64,5A,32,00,32,BC
10:57:49.224 CAN::Logger:104684,0,301,0,0,3,B5,0C,00
10:57:49.228 CAN::Logger:104694,1,201,0,0,5,00,00,00,00,62
10:57:49.232 CAN::Logger:104704,1,203,0,0,8,00,00,00,00,00,00,00,00
10:57:49.237 CAN::Logger:104724,1,401,0,0,8,3B,9C,00,00,47,00,00,00
10:57:49.242 CAN::Logger:104734,1,206,0,0,8,00,00,00,00,00,00,00,00
10:57:49.247 CAN::Logger:104734,0,300,0,0,8,03,5A,64,5A,32,00,32,BD
10:57:49.250 CAN::Logger:104734,0,301,0,0,3,4E,0D,00
10:57:49.255 CAN::Logger:104744,1,400,0,0,8,01,00,0C,00,00,00,00,00
10:57:49.260 CAN::Logger:104784,0,300,0,0,8,03,5A,64,5A,32,00,32,BE
10:57:49.264 CAN::Logger:104784,0,301,0,0,3,1D,0E,00
10:57:49.269 CAN::Logger:104794,1,201,0,0,5,00,00,00,00,62
10:57:49.274 CAN::Logger:104804,1,203,0,0,8,00,00,00,00,00,00,00,00
10:57:49.278 CAN::Logger:104824,1,401,0,0,8,3B,9C,00,00,47,00,00,00
10:57:49.282 CAN::Logger:104834,1,206,0,0,8,00,00,00,00,00,00,00,00
10:57:49.288 CAN::Logger:104834,0,300,0,0,8,03,5A,64,5A,32,00,32,BF
10:57:49.292 CAN::Logger:104834,0,301,0,0,3,E8,0F,00
10:57:49.296 CAN::Logger:104844,1,400,0,0,8,01,00,0C,00,00,00,00,00
10:57:49.301 CAN::Logger:104884,0,300,0,0,8,03,5A,64,5A,32,00,32,70
10:57:49.304 CAN::Logger:104884,0,301,0,0,3,E2,00,00
10:57:49.309 CAN::Logger:104894,1,201,0,0,5,00,00,00,00,62
10:57:49.314 CAN::Logger:104904,1,402,0,0,8,4E,00,00,00,F8,AB,07,00
10:57:49.318 CAN::Logger:104904,1,203,0,0,8,00,00,00,00,00,00,00,00
10:57:49.323 CAN::Logger:104924,1,401,0,0,8,3D,9C,00,00,47,00,00,00
10:57:49.328 CAN::Logger:104934,1,206,0,0,8,00,00,00,00,00,00,00,00
10:57:49.333 CAN::Logger:104934,0,300,0,0,8,03,5A,64,5A,32,00,32,71
10:57:49.337 CAN::Logger:104934,0,301,0,0,3,B3,01,00
10:57:49.341 CAN::Logger:104944,1,400,0,0,8,01,00,0C,00,00,00,00,00
10:57:49.346 CAN::Logger:104984,0,300,0,0,8,03,5A,64,5A,32,00,32,72
10:57:49.349 CAN::Logger:104984,0,301,0,0,3,6B,02,00
10:57:49.354 CAN::Logger:104994,1,201,0,0,5,00,00,00,00,62
10:57:49.358 CAN::Logger:105004,1,203,0,0,8,00,00,00,00,00,00,00,00
10:57:49.364 CAN::Logger:105024,1,401,0,0,8,3D,9C,00,00,47,00,00,00
10:57:49.368 CAN::Logger:105034,1,206,0,0,8,00,00,00,00,00,00,00,00
10:57:49.373 CAN::Logger:105034,0,300,0,0,8,03,5A,64,5A,32,00,32,73
10:57:49.377 CAN::Logger:105034,0,301,0,0,3,96,03,00
10:57:49.381 CAN::Logger:105044,1,400,0,0,8,01,00,0C,00,00,00,00,00
10:57:49.386 CAN::Logger:105084,0,300,0,0,8,03,5A,64,5A,32,00,32,34
10:57:49.391 CAN::Logger:105084,0,301,0,0,3,03,04,00
10:57:49.394 CAN::Logger:105094,1,201,0,0,5,00,00,00,00,62
10:57:49.399 CAN::Logger:105104,1,203,0,0,8,00,00,00,00,00,00,00,00
10:57:49.403 CAN::Logger:105124,1,401,0,0,8,3D,9C,00,00,46,00,00,00
10:57:49.408 CAN::Logger:105134,1,206,0,0,8,00,00,00,00,00,00,00,00
10:57:49.413 CAN::Logger:105134,0,300,0,0,8,03,5A,64,5A,32,00,32,35
10:57:49.418 CAN::Logger:105134,0,301,0,0,3,54,05,00
10:57:49.422 CAN::Logger:105144,1,400,0,0,8,01,00,0C,00,00,00,00,00
10:57:49.426 CAN::Logger:105184,0,300,0,0,8,03,5A,64,5A,32,00,32,36
10:57:49.431 CAN::Logger:105184,0,301,0,0,3,F5,06,00
10:57:49.434 CAN::Logger:105194,1,201,0,0,5,00,00,00,00,62
10:57:49.439 CAN::Logger:105204,1,203,0,0,8,00,00,00,00,00,00,00,00
10:57:49.445 CAN::Logger:105224,1,401,0,0,8,3B,9C,00,00,46,00,00,00
10:57:49.449 CAN::Logger:105234,1,206,0,0,8,00,00,00,00,00,00,00,00
10:57:49.454 CAN::Logger:105234,0,300,0,0,8,03,5A,64,5A,32,00,32,37
10:57:49.457 CAN::Logger:105234,0,301,0,0,3,B8,07,00
10:57:49.463 CAN::Logger:105244,1,400,0,0,8,01,00,0C,00,00,00,00,00
10:57:49.467 CAN::Logger:105284,0,300,0,0,8,03,5A,64,5A,32,00,32,F8
10:57:49.470 CAN::Logger:105284,0,301,0,0,3,80,08,00
10:57:49.474 CAN::Logger:105294,1,201,0,0,5,00,00,00,00,62
10:57:49.480 CAN::Logger:105304,1,203,0,0,8,00,00,00,00,00,00,00,00
10:57:49.485 CAN::Logger:105324,1,401,0,0,8,3B,9C,00,00,47,00,00,00
10:57:49.489 CAN::Logger:105334,1,206,0,0,8,00,00,00,00,00,00,00,00
10:57:49.494 CAN::Logger:105334,0,300,0,0,8,03,5A,64,5A,32,00,32,F9
10:57:49.498 CAN::Logger:105334,0,301,0,0,3,88,09,00
10:57:49.502 CAN::Logger:105344,1,400,0,0,8,01,00,0C,00,00,00,00,00
10:57:49.508 CAN::Logger:105384,0,300,0,0,8,03,5A,64,5A,32,00,32,FA
10:57:49.511 CAN::Logger:105384,0,301,0,0,3,C6,0A,00
10:57:49.516 CAN::Logger:105394,1,201,0,0,5,00,00,00,00,62
10:57:49.520 CAN::Logger:105404,1,403,0,0,8,64,00,00,00,40,E3,09,00
10:57:49.525 CAN::Logger:105414,1,203,0,0,8,00,00,00,00,00,00,00,00
10:57:49.530 CAN::Logger:105424,1,401,0,0,8,3B,9C,00,00,47,00,00,00
10:57:50.026 CAN::Logger:105434,1,206,0,0,8,00,00,00,00,00,00,00,00
10:57:50.099 CAN::Logger:105434,0,300,0,0,8,03,5A,64,5A,32,00,32,FB
10:57:50.171 CAN::Logger:105534,0,300,0,0,8,03,5A,64,5A,32,00,32,BD
10:57:50.243 CAN::Logger:105634,1,401,0,0,8,3B,9C,00,00,47,00,00,00
10:57:50.315 CAN::Logger:105694,1,201,0,0,5,00,00,00,00,62
10:57:50.387 CAN::Logger:105794,1,201,0,0,5,00,00,00,00,62
10:57:50.459 CAN::Logger:105884,0,301,0,0,3,03,04,00
10:57:50.531 CAN::Logger:105954,1,400,0,0,8,01,00,0C,00,00,00,00,00
10:57:50.603 CAN::Logger:106054,1,400,0,0,8,01,00,0C,00,00,00,00,00
10:57:50.675 CAN::Logger:106134,0,301,0,0,3,88,09,00
10:57:50.746 CAN::Logger:106234,0,300,0,0,8,03,5A,64,5A,32,00,32,FB
10:57:51.217 CAN::Logger:106284,0,300,0,0,8,03,5A,64,5A,32,00,32,BC
10:57:51.290 CAN::Logger:106284,0,301,0,0,3,B5,0C,00
10:57:51.362 CAN::Logger:106384,0,301,0,0,3,1D,0E,00
10:57:51.435 CAN::Logger:106454,1,400,0,0,8,01,00,0C,00,00,00,00,00
10:57:51.506 CAN::Logger:106554,1,400,0,0,8,01,00,0C,00,00,00,00,00
10:57:51.579 CAN::Logger:106634,1,202,0,0,8,E2,1D,00,00,33,99,05,00
10:57:51.651 CAN::Logger:106684,0,301,0,0,3,03,04,00
10:57:51.723 CAN::Logger:106784,0,300,0,0,8,03,5A,64,5A,32,00,32,36
10:57:51.794 CAN::Logger:106884,0,300,0,0,8,03,5A,64,5A,32,00,32,F8
10:57:51.867 CAN::Logger:106934,0,300,0,0,8,03,5A,64,5A,32,00,32,F9
10:57:51.938 CAN::Logger:107034,0,300,0,0,8,03,5A,64,5A,32,00,32,FB
10:57:52.011 CAN::Logger:107134,1,206,0,0,8,00,00,00,00,00,00,00,00
10:57:52.083 CAN::Logger:107234,1,401,0,0,8,3B,9C,00,00,47,00,00,00
10:57:52.155 CAN::Logger:107334,1,401,0,0,8,3B,9C,00,00,46,00,00,00
10:57:52.227 CAN::Logger:107414,1,203,0,0,8,00,00,00,00,00,00,00,00
10:57:52.717 CAN::Logger:107484,0,300,0,0,8,03,5A,64,5A,32,00,32,34
10:57:52.786 CAN::Logger:107484,0,301,0,0,3,03,04,00
10:57:52.859 CAN::Logger:107584,0,300,0,0,8,03,5A,64,5A,32,00,32,36
10:57:52.931 CAN::Logger:107634,0,300,0,0,8,03,5A,64,5A,32,00,32,37
10:57:53.003 CAN::Logger:107734,1,401,0,0,8,39,9C,00,00,46,00,00,00
10:57:53.074 CAN::Logger:107834,1,401,0,0,8,39,9C,00,00,47,00,00,00
10:57:53.147 CAN::Logger:107914,1,402,0,0,8,4E,00,00,00,F8,AB,07,00
10:57:53.219 CAN::Logger:108014,1,203,0,0,8,00,00,00,00,00,00,00,00
10:57:53.291 CAN::Logger:108094,1,201,0,0,5,00,00,00,00,62
10:57:53.365 CAN::Logger:108194,1,201,0,0,5,00,00,00,00,62
10:57:53.435 CAN::Logger:108284,0,301,0,0,3,03,04,00
10:57:53.507 CAN::Logger:108384,0,300,0,0,8,03,5A,64,5A,32,00,32,36
10:57:53.579 CAN::Logger:108434,0,301,0,0,3,B8,07,00
10:57:53.651 CAN::Logger:108534,0,300,0,0,8,03,5A,64,5A,32,00,32,F9
10:57:53.723 CAN::Logger:108634,1,202,0,0,8,E2,1C,00,00,33,99,05,00
10:57:53.839 CAN::Logger:108714,1,203,0,0,8,00,00,00,00,00,00,00,00
10:57:53.919 CAN::Logger:108914,1,203,0,0,8,00,00,00,00,00,00,00,00
10:57:54.397 CAN::Logger:108994,0,300,0,0,8,03,5A,64,5A,32,00,32,72
10:57:54.474 CAN::Logger:108994,0,301,0,0,3,6B,02,00
10:57:54.555 CAN::Logger:109064,0,404,0,0,2,02,30
10:57:54.635 CAN::Logger:109134,1,401,0,0,8,3D,9C,00,00,47,00,00,00
10:57:54.715 CAN::Logger:109214,1,203,0,0,8,00,00,00,00,00,00,00,00
10:57:54.795 CAN::Logger:109284,0,404,0,0,2,23,00
10:57:54.874 CAN::Logger:109344,0,300,0,0,8,03,5A,64,5A,32,00,32,F9
10:57:54.954 CAN::Logger:109404,1,405,0,0,6,27,00,00,00,30,30
10:57:55.034 CAN::Logger:109464,1,405,0,0,5,46,00,00,00,00
10:57:55.115 CAN::Logger:109534,1,401,0,0,8,3B,9C,00,00,46,00,00,00
10:57:55.195 CAN::Logger:109614,1,203,0,0,8,00,00,00,00,00,00,00,00
10:57:55.275 CAN::Logger:109654,1,665,0,0,8,00,00,00,53,4C,18,53,00
10:57:55.355 CAN::Logger:109734,1,206,0,0,8,00,00,00,00,00,00,00,00
10:57:55.434 CAN::Logger:109834,1,401,0,0,8,3B,9C,00,00,47,00,00,00
10:57:55.514 CAN::Logger:109944,1,401,0,0,8,3B,9C,00,00,47,00,00,00
10:57:55.594 CAN::Logger:110044,0,300,0,0,8,03,5A,64,5A,32,00,32,37
10:57:55.674 CAN::Logger:110144,0,301,0,0,3,88,09,00
10:57:55.755 CAN::Logger:110264,1,400,0,0,8,01,00,0C,00,00,00,00,00
10:57:55.834 CAN::Logger:110394,0,301,0,0,3,1D,0E,00
10:57:55.914 CAN::Logger:110494,0,301,0,0,3,E2,00,00
10:57:55.995 CAN::Logger:110594,1,201,0,0,5,00,00,00,00,62
10:57:56.477 CAN::Logger:110664,1,400,0,0,8,01,00,0C,00,00,00,00,00
10:57:56.554 CAN::Logger:110694,0,300,0,0,8,03,5A,64,5A,32,00,32,34
10:57:56.635 CAN::Logger:110794,0,301,0,0,3,F5,06,00
10:57:56.714 CAN::Logger:110894,1,201,0,0,5,00,00,00,00,62
10:57:56.795 CAN::Logger:110994,1,201,0,0,5,00,00,00,00,62
10:57:56.875 CAN::Logger:111134,1,206,0,0,8,00,00,00,00,00,00,00,00
10:57:56.955 CAN::Logger:111244,0,300,0,0,8,03,5A,64,5A,32,00,32,BF
10:57:57.035 CAN::Logger:111344,0,301,0,0,3,B3,01,00
10:57:57.115 CAN::Logger:111444,0,301,0,0,3,96,03,00
10:57:57.195 CAN::Logger:111544,1,401,0,0,8,3B,9C,00,00,47,00,00,00
10:57:57.275 CAN::Logger:111644,0,301,0,0,3,B8,07,00
10:57:57.355 CAN::Logger:111744,1,401,0,0,8,39,9C,00,00,47,00,00,00
10:57:57.435 CAN::Logger:111864,1,400,0,0,8,01,00,0C,00,00,00,00,00
10:57:57.515 CAN::Logger:111994,0,300,0,0,8,03,5A,64,5A,32,00,32,BE
10:57:57.595 CAN::Logger:112094,0,300,0,0,8,03,5A,64,5A,32,00,32,70
10:57:57.675 CAN::Logger:112194,1,201,0,0,5,00,00,00,00,62
10:57:57.755 CAN::Logger:112314,1,203,0,0,8,00,00,00,00,00,00,00,00
10:57:57.835 CAN::Logger:112424,1,403,0,0,8,64,00,00,00,40,E3,09,00
10:57:57.915 CAN::Logger:112534,1,206,0,0,8,00,00,00,00,00,00,00,00
10:57:57.995 CAN::Logger:112634,1,206,0,0,8,00,00,00,00,00,00,00,00
10:57:58.075 CAN::Logger:112694,0,301,0,0,3,B5,0C,00
10:57:58.546 CAN::Logger:112734,1,206,0,0,8,00,00,00,00,00,00,00,00
10:57:58.626 CAN::Logger:112744,0,300,0,0,8,03,5A,64,5A,32,00,32,BD
10:57:58.707 CAN::Logger:112844,1,401,0,0,8,3B,9C,00,00,47,00,00,00
10:57:58.786 CAN::Logger:112944,1,401,0,0,8,3B,9C,00,00,47,00,00,00
10:57:58.866 CAN::Logger:113064,1,400,0,0,8,01,00,0C,00,00,00,00,00
10:57:58.947 CAN::Logger:113194,0,300,0,0,8,03,5A,64,5A,32,00,32,36
10:57:59.027 CAN::Logger:113294,0,301,0,0,3,80,08,00
10:57:59.106 CAN::Logger:113394,1,201,0,0,5,00,00,00,00,62
10:57:59.186 CAN::Logger:113504,1,201,0,0,5,00,00,00,00,62
10:57:59.267 CAN::Logger:113614,1,203,0,0,8,00,00,00,00,00,00,00,00
10:57:59.346 CAN::Logger:113714,1,203,0,0,8,00,00,00,00,00,00,00,00
10:57:59.427 CAN::Logger:113834,1,206,0,0,8,00,00,00,00,00,00,00,00
10:57:59.506 CAN::Logger:113934,1,206,0,0,8,00,00,00,00,00,00,00,00
10:57:59.587 CAN::Logger:114044,0,300,0,0,8,03,5A,64,5A,32,00,32,37
10:57:59.667 CAN::Logger:114144,0,301,0,0,3,88,09,00
10:57:59.747 CAN::Logger:114254,1,401,0,0,8,3B,9C,00,00,47,00,00,00
10:57:59.826 CAN::Logger:114374,1,400,0,0,8,01,00,0C,00,00,00,00,00
10:57:59.906 CAN::Logger:114474,1,400,0,0,8,01,00,0C,00,00,00,00,00
10:57:59.987 CAN::Logger:114594,0,300,0,0,8,03,5A,64,5A,32,00,32,72
10:58:00.111 CAN::Logger:114674,1,400,0,0,8,01,00,0C,00,00,00,00,00
10:58:00.566 CAN::Logger:114804,1,201,0,0,5,00,00,00,00,62
10:58:00.655 CAN::Logger:114814,1,203,0,0,8,00,00,00,00,00,00,00,00
10:58:00.743 CAN::Logger:114944,0,300,0,0,8,03,5A,64,5A,32,00,32,F9
10:58:00.831 CAN::Logger:115074,1,400,0,0,8,01,00,0C,00,00,00,00,00
10:58:00.919 CAN::Logger:115204,1,201,0,0,5,00,00,00,00,62
10:58:01.006 CAN::Logger:115344,0,300,0,0,8,03,5A,64,5A,32,00,32,71
10:58:01.098 CAN::Logger:115454,1,401,0,0,8,3D,9C,00,00,47,00,00,00
10:58:01.187 CAN::Logger:115604,1,201,0,0,5,00,00,00,00,62
10:58:01.274 CAN::Logger:115674,1,400,0,0,8,01,00,0C,00,00,00,00,00
10:58:01.363 CAN::Logger:115804,1,201,0,0,5,00,00,00,00,62
10:58:01.450 CAN::Logger:115934,1,206,0,0,8,00,00,00,00,00,00,00,00
10:58:01.539 CAN::Logger:116054,1,401,0,0,8,3B,9C,00,00,46,00,00,00
10:58:01.626 CAN::Logger:116194,0,301,0,0,3,6B,02,00
10:58:01.715 CAN::Logger:116274,1,400,0,0,8,01,00,0C,00,00,00,00,00
10:58:01.803 CAN::Logger:116414,1,203,0,0,8,00,00,00,00,00,00,00,00
10:58:01.892 CAN::Logger:116534,1,206,0,0,8,00,00,00,00,00,00,00,00
10:58:01.978 CAN::Logger:116644,0,300,0,0,8,03,5A,64,5A,32,00,32,FB
10:58:02.067 CAN::Logger:116774,1,400,0,0,8,01,00,0C,00,00,00,00,00
10:58:02.527 CAN::Logger:116834,1,206,0,0,8,00,00,00,00,00,00,00,00
10:58:02.615 CAN::Logger:116844,0,300,0,0,8,03,5A,64,5A,32,00,32,BF
10:58:02.704 CAN::Logger:116954,1,401,0,0,8,3B,9C,00,00,47,00,00,00
10:58:02.791 CAN::Logger:117064,1,405,0,0,7,02,48,00,00,00,00,00
10:58:02.879 CAN::Logger:117144,0,301,0,0,3,54,05,00
10:58:02.967 CAN::Logger:117234,1,206,0,0,8,00,00,00,00,00,00,00,00
10:58:03.055 CAN::Logger:117294,0,301,0,0,3,80,08,00
10:58:03.142 26,00,00,00,30,30,30,30
10:58:03.231 CAN::Logger:117444,0,301,0,0,3,43,0B,00
10:58:03.319 CAN::Logger:117534,1,206,0,0,8,00,00,00,00,00,00,00,00
10:58:03.407 CAN::Logger:117614,1,203,0,0,8,00,00,00,00,00,00,00,00
10:58:03.495 CAN::Logger:117684,1,405,0,0,6,B1,01,00,00,00,00
10:58:03.583 CAN::Logger:117804,1,201,0,0,5,00,00,00,00,62
10:58:03.671 CAN::Logger:117934,1,402,0,0,8,4E,00,00,00,F8,AB,07,00
10:58:03.758 CAN::Logger:118054,1,401,0,0,8,3B,9C,00,00,46,00,00,00
10:58:03.847 CAN::Logger:118194,0,300,0,0,8,03,5A,64,5A,32,00,32,FA
10:58:03.935 CAN::Logger:118314,1,203,0,0,8,00,00,00,00,00,00,00,00
10:58:04.023 CAN::Logger:118444,0,300,0,0,8,03,5A,64,5A,32,00,32,BF
10:58:04.111 CAN::Logger:118584,1,400,0,0,8,01,00,0C,00,00,00,00,00
10:58:04.199 CAN::Logger:118664,1,401,0,0,8,3D,9C,00,00,47,00,00,00
10:58:04.687 CAN::Logger:118784,1,400,0,0,8,01,00,0C,00,00,00,00,00
10:58:04.779 CAN::Logger:118794,0,300,0,0,8,03,5A,64,5A,32,00,32,36
10:58:04.867 CAN::Logger:118934,1,206,0,0,8,00,00,00,00,00,00,00,00
10:58:04.955 CAN::Logger:119044,0,301,0,0,3,43,0B,00
10:58:05.043 CAN::Logger:119194,0,300,0,0,8,03,5A,64,5A,32,00,32,BE
10:58:05.131 CAN::Logger:119314,1,203,0,0,8,00,00,00,00,00,00,00,00
10:58:05.218 CAN::Logger:119444,0,300,0,0,8,03,5A,64,5A,32,00,32,73
10:58:05.306 CAN::Logger:119584,1,400,0,0,8,01,00,0C,00,00,00,00,00
10:58:05.395 CAN::Logger:119684,1,400,0,0,8,01,00,0C,00,00,00,00,00
10:58:05.483 CAN::Logger:119814,1,203,0,0,8,00,00,00,00,00,00,00,00
10:58:05.571 CAN::Logger:119944,0,300,0,0,8,03,5A,64,5A,32,00,32,BD
10:58:05.659 CAN::Logger:120064,1,401,0,0,8,3D,9C,00,00,47,00,00,00
10:58:05.747 CAN::Logger:120194,0,301,0,0,3,6B,02,00
10:58:05.839 CAN::Logger:120334,1,206,0,0,8,00,00,00,00,00,00,00,00
10:58:05.926 CAN::Logger:120464,1,401,0,0,8,40,9C,00,00,47,00,00,00
10:58:06.015 CAN::Logger:120594,0,300,0,0,8,03,5A,64,5A,32,00,32,FA
10:58:06.103 CAN::Logger:120694,0,301,0,0,3,B5,0C,00
10:58:06.191 CAN::Logger:120834,1,206,0,0,8,00,00,00,00,00,00,00,00
10:58:06.677 CAN::Logger:120944,0,300,0,0,8,03,5A,64,5A,32,00,32,71
10:58:06.763 CAN::Logger:120944,0,301,0,0,3,B3,01,00
10:58:06.851 CAN::Logger:121084,1,400,0,0,8,01,00,0C,00,00,00,00,00
10:58:06.939 CAN::Logger:121204,1,201,0,0,5,00,00,00,00,62
10:58:07.027 CAN::Logger:121344,0,300,0,0,8,03,5A,64,5A,32,00,32,F9
10:58:07.163 CAN::Logger:121464,1,401,0,0,8,3B,9C,00,00,47,00,00,00
10:58:07.259 CAN::Logger:121664,1,401,0,0,8,3B,9C,00,00,47,00,00,00
10:58:07.355 CAN::Logger:121804,1,201,0,0,5,00,00,00,00,62
10:58:07.451 CAN::Logger:121944,0,301,0,0,3,54,05,00
10:58:07.547 CAN::Logger:122094,0,301,0,0,3,80,08,00
10:58:07.643 CAN::Logger:122244,0,301,0,0,3,43,0B,00
10:58:07.739 CAN::Logger:122394,0,301,0,0,3,1D,0E,00
10:58:07.839 CAN::Logger:122544,0,300,0,0,8,03,5A,64,5A,32,00,32,71
10:58:07.935 CAN::Logger:122684,1,400,0,0,8,01,00,0C,00,00,00,00,00
10:58:08.031 CAN::Logger:122834,1,206,0,0,8,00,00,00,00,00,00,00,00
10:58:08.507 CAN::Logger:122934,1,206,0,0,8,00,00,00,00,00,00,00,00
10:58:08.602 CAN::Logger:122944,0,300,0,0,8,03,5A,64,5A,32,00,32,F9
10:58:08.700 CAN::Logger:123094,0,300,0,0,8,03,5A,64,5A,32,00,32,BC
10:58:08.794 CAN::Logger:123244,0,300,0,0,8,03,5A,64,5A,32,00,32,BF
10:58:08.891 CAN::Logger:123394,0,300,0,0,8,03,5A,64,5A,32,00,32,72
10:58:08.987 CAN::Logger:123534,1,206,0,0,8,00,00,00,00,00,00,00,00
10:58:09.083 CAN::Logger:123644,0,301,0,0,3,B8,07,00
10:58:09.178 CAN::Logger:123804,1,201,0,0,5,00,00,00,00,62
10:58:09.274 CAN::Logger:123954,1,402,0,0,8,4E,00,00,00,F8,AB,07,00
10:58:09.371 CAN::Logger:124094,0,301,0,0,3,E2,00,00
10:58:09.467 CAN::Logger:124244,0,301,0,0,3,96,03,00
10:58:09.563 CAN::Logger:124404,1,201,0,0,5,00,00,00,00,62
10:58:09.659 CAN::Logger:124544,0,300,0,0,8,03,5A,64,5A,32,00,32,F9
10:58:09.755 CAN::Logger:124664,1,665,0,0,8,00,00,00,53,4C,18,53,00
10:58:10.236 CAN::Logger:124774,1,401,0,0,8,3B,9C,00,00,47,00,00,00
10:58:10.330 CAN::Logger:124794,0,300,0,0,8,03,5A,64,5A,32,00,32,BE
10:58:10.427 CAN::Logger:124934,1,206,0,0,8,00,00,00,00,00,00,00,00
10:58:10.523 CAN::Logger:125044,0,300,0,0,8,03,5A,64,5A,32,00,32,73
10:58:10.619 CAN::Logger:125144,0,300,0,0,8,03,5A,64,5A,32,00,32,35
10:58:10.715 CAN::Logger:125234,1,206,0,0,8,00,00,00,00,00,00,00,00
10:58:10.811 CAN::Logger:125314,1,203,0,0,8,00,00,00,00,00,00,00,00
10:58:10.907 CAN::Logger:125414,1,203,0,0,8,00,00,00,00,00,00,00,00
10:58:11.007 CAN::Logger:125504,1,405,0,0,8,4D,00,00,00,00,00,00,00
10:58:11.103 CAN::Logger:125594,1,405,0,0,8,0A,00,00,00,30,3A,00,00
10:58:11.203 CAN::Logger:125684,1,405,0,0,6,B1,01,00,00,00,00
10:58:11.299 CAN::Logger:125834,1,206,0,0,8,00,00,00,00,00,00,00,00
10:58:11.395 CAN::Logger:125954,1,402,0,0,8,4E,00,00,00,F8,AB,07,00
10:58:11.491 CAN::Logger:126094,0,300,0,0,8,03,5A,64,5A,32,00,32,F8
10:58:11.586 CAN::Logger:126234,1,206,0,0,8,00,00,00,00,00,00,00,00
10:58:11.683 CAN::Logger:126374,0,100,0,0,8,05,2E,02,06,D0,07,00,00
10:58:11.779 CAN::Logger:126454,1,403,0,0,8,64,00,00,00,40,E3,09,00
10:58:12.227 CAN::Logger:126494,0,300,0,0,8,03,5A,64,5A,32,00,32,70
10:58:12.322 CAN::Logger:126494,0,301,0,0,3,E2,00,00
10:58:12.419 CAN::Logger:126634,1,206,0,0,8,00,00,00,00,00,00,00,00
10:58:12.515 CAN::Logger:126794,0,300,0,0,8,03,5A,64,5A,32,00,32,36
10:58:12.611 CAN::Logger:126914,1,203,0,0,8,00,00,00,00,00,00,00,00
10:58:12.707 CAN::Logger:127074,1,401,0,0,8,3B,9C,00,00,47,00,00,00
10:58:12.803 CAN::Logger:127214,1,203,0,0,8,00,00,00,00,00,00,00,00
10:58:12.899 CAN::Logger:127394,0,300,0,0,8,03,5A,64,5A,32,00,32,72
10:58:12.996 CAN::Logger:127494,0,301,0,0,3,03,04,00
10:58:13.092 CAN::Logger:127644,1,206,0,0,8,00,00,00,00,00,00,00,00
10:58:13.188 CAN::Logger:127744,1,206,0,0,8,00,00,00,00,00,00,00,00
10:58:13.283 CAN::Logger:127894,0,301,0,0,3,B5,0C,00
10:58:13.379 CAN::Logger:128014,1,203,0,0,8,00,00,00,00,00,00,00,00
10:58:13.475 CAN::Logger:128194,0,300,0,0,8,03,5A,64,5A,32,00,32,72
10:58:13.571 CAN::Logger:128344,1,206,0,0,8,00,00,00,00,00,00,00,00
10:58:14.066 CAN::Logger:128484,1,401,0,0,8,3B,9C,00,00,47,00,00,00
10:58:14.162 CAN::Logger:128494,0,300,0,0,8,03,5A,64,5A,32,00,32,F8
10:58:14.259 CAN::Logger:128624,1,204,0,0,8,00,00,00,00,00,00,00,00
10:58:14.355 CAN::Logger:128784,1,401,0,0,8,3B,9C,00,00,46,00,00,00
10:58:14.450 CAN::Logger:128914,1,203,0,0,8,00,00,00,00,00,00,00,00
10:58:14.450 CAN::Logger:129044,0,301,0,0,3,96,03,00
10:58:14.643 CAN::Logger:129204,1,201,0,0,5,00,00,00,00,62
10:58:14.795 CAN::Logger:129384,1,401,0,0,8,3B,9C,00,00,47,00,00,00
10:58:14.899 CAN::Logger:129644,1,206,0,0,8,00,00,00,00,00,00,00,00
10:58:15.003 CAN::Logger:129794,0,301,0,0,3,6B,02,00
10:58:15.107 CAN::Logger:129964,1,402,0,0,8,4E,00,00,00,F8,AB,07,00
10:58:15.107 CAN::Logger:130114,1,203,0,0,8,00,00,00,00,00,00,00,00
10:58:15.315 CAN::Logger:130304,1,201,0,0,5,00,00,00,00,62
10:58:15.757 CAN::Logger:130344,1,206,0,0,8,00,00,00,00,00,00,00,00
10:58:15.858 CAN::Logger:130344,0,300,0,0,8,03,5A,64,5A,32,00,32,BD
10:58:15.963 CAN::Logger:130504,1,400,0,0,8,01,00,0C,00,00,00,00,00
10:58:16.066 CAN::Logger:130644,0,301,0,0,3,96,03,00
10:58:16.171 CAN::Logger:130794,0,301,0,0,3,F5,06,00
10:58:16.274 CAN::Logger:130964,1,402,0,0,8,4E,00,00,00,F8,AB,07,00
10:58:16.379 CAN::Logger:131114,1,203,0,0,8,00,00,00,00,00,00,00,00
10:58:16.482 CAN::Logger:131304,1,201,0,0,5,00,00,00,00,62
10:58:16.586 CAN::Logger:131464,1,403,0,0,8,64,00,00,00,40,E3,09,00
10:58:16.691 CAN::Logger:131624,1,204,0,0,8,00,00,00,00,00,00,00,00
10:58:16.795 CAN::Logger:131794,0,300,0,0,8,03,5A,64,5A,32,00,32,FA
10:58:16.903 CAN::Logger:131944,0,300,0,0,8,03,5A,64,5A,32,00,32,BD
10:58:17.357 CAN::Logger:132014,1,400,0,0,8,01,00,0C,00,00,00,00,00
10:58:17.463 CAN::Logger:132014,1,203,0,0,8,00,00,00,00,00,00,00,00
10:58:17.567 CAN::Logger:132214,1,400,0,0,8,01,00,0C,00,00,00,00,00
10:58:17.567 CAN::Logger:132394,0,300,0,0,8,03,5A,64,5A,32,00,32,36
10:58:17.777 CAN::Logger:132544,1,206,0,0,8,00,00,00,00,00,00,00,00
10:58:17.879 CAN::Logger:132694,0,301,0,0,3,B5,0C,00
10:58:17.983 CAN::Logger:132844,0,301,0,0,3,E8,0F,00
10:58:18.087 CAN::Logger:133014,1,203,0,0,8,00,00,00,00,00,00,00,00
10:58:18.191 CAN::Logger:133144,1,206,0,0,8,00,00,00,00,00,00,00,00
10:58:18.295 CAN::Logger:133244,0,300,0,0,8,03,5A,64,5A,32,00,32,37
10:58:18.399 CAN::Logger:133344,0,301,0,0,3,88,09,00
10:58:18.503 CAN::Logger:133464,0,404,0,0,2,27,00
10:58:18.607 CAN::Logger:133594,0,404,0,0,2,4D,00
10:58:19.056 CAN::Logger:133614,1,400,0,0,8,01,00,0C,00,00,00,00,00
10:58:19.158 CAN::Logger:133614,1,203,0,0,8,00,00,00,00,00,00,00,00
10:58:19.263 CAN::Logger:133694,1,401,0,0,8,3D,9C,00,00,47,00,00,00
10:58:19.367 CAN::Logger:133814,0,404,0,0,2,B1,01
