11:01:04.703 CAN::Logger:300104,1,400,0,0,8,01,00,0C,00,00,00,00,00
11:01:04.704 CAN::Logger:300134,0,300,0,0,8,03,5A,64,5A,32,00,32,34
11:01:04.705 CAN::Logger:300134,0,301,0,0,3,03,04,00
11:01:04.709 CAN::Logger:300154,1,201,0,0,5,00,00,00,00,60
11:01:04.714 CAN::Logger:300164,1,203,0,0,8,00,00,00,00,00,00,00,00
11:01:04.719 CAN::Logger:300184,1,401,0,0,8,40,9C,00,00,45,00,00,00
11:01:04.725 CAN::Logger:300184,0,300,0,0,8,03,5A,64,5A,32,00,32,35
11:01:04.728 CAN::Logger:300184,0,301,0,0,3,54,05,00
11:01:04.733 CAN::Logger:300184,1,206,0,0,8,00,00,00,00,00,00,00,00
11:01:04.737 CAN::Logger:300204,1,400,0,0,8,01,00,0C,00,00,00,00,00
11:01:04.742 CAN::Logger:300234,0,300,0,0,8,03,5A,64,5A,32,00,32,36
11:01:04.746 CAN::Logger:300234,0,301,0,0,3,F5,06,00
11:01:04.750 CAN::Logger:300254,1,201,0,0,5,00,00,00,00,60
11:01:04.754 CAN::Logger:300264,1,203,0,0,8,00,00,00,00,00,00,00,00
11:01:04.760 CAN::Logger:300284,1,401,0,0,8,40,9C,00,00,45,00,00,00
11:01:04.764 CAN::Logger:300284,0,300,0,0,8,03,5A,64,5A,32,00,32,37
11:01:04.768 CAN::Logger:300284,0,301,0,0,3,B8,07,00
11:01:04.773 CAN::Logger:300284,1,206,0,0,8,00,00,00,00,00,00,00,00
11:01:04.777 CAN::Logger:300304,1,400,0,0,8,01,00,0C,00,00,00,00,00
11:01:04.783 CAN::Logger:300334,0,300,0,0,8,03,5A,64,5A,32,00,32,F8
11:01:04.786 CAN::Logger:300334,0,301,0,0,3,80,08,00
11:01:04.791 CAN::Logger:300354,1,201,0,0,5,00,00,00,00,60
11:01:04.795 CAN::Logger:300364,1,203,0,0,8,00,00,00,00,00,00,00,00
11:01:04.800 CAN::Logger:300384,1,401,0,0,8,40,9C,00,00,46,00,00,00
11:01:04.804 CAN::Logger:300384,0,300,0,0,8,03,5A,64,5A,32,00,32,F9
11:01:04.809 CAN::Logger:300384,0,301,0,0,3,88,09,00
11:01:04.813 CAN::Logger:300384,1,206,0,0,8,00,00,00,00,00,00,00,00
11:01:04.818 CAN::Logger:300404,1,400,0,0,8,01,00,0C,00,00,00,00,00
11:01:04.823 CAN::Logger:300434,0,300,0,0,8,03,5A,64,5A,32,00,32,FA
11:01:04.827 CAN::Logger:300434,0,301,0,0,3,C6,0A,00
11:01:04.830 CAN::Logger:300454,1,201,0,0,5,00,00,00,00,60
11:01:04.835 CAN::Logger:300464,1,203,0,0,8,00,00,00,00,00,00,00,00
11:01:04.841 CAN::Logger:300484,1,401,0,0,8,40,9C,00,00,46,00,00,00
11:01:04.845 CAN::Logger:300484,0,300,0,0,8,03,5A,64,5A,32,00,32,FB
11:01:04.848 CAN::Logger:300484,0,301,0,0,3,43,0B,00
11:01:04.853 CAN::Logger:300484,1,206,0,0,8,00,00,00,00,00,00,00,00
11:01:04.859 CAN::Logger:300504,1,400,0,0,8,01,00,0C,00,00,00,00,00
11:01:04.863 CAN::Logger:300534,0,300,0,0,8,03,5A,64,5A,32,00,32,BC
11:01:04.867 CAN::Logger:300534,0,301,0,0,3,B5,0C,00
11:01:04.871 CAN::Logger:300554,1,201,0,0,5,00,00,00,00,60
11:01:04.875 CAN::Logger:300564,1,203,0,0,8,00,00,00,00,00,00,00,00
11:01:04.881 CAN::Logger:300564,1,403,0,0,8,64,00,00,00,40,E3,09,00
11:01:04.886 CAN::Logger:300574,1,204,0,0,8,00,00,00,20,00,00,00,00
11:01:04.890 CAN::Logger:300584,0,300,0,0,8,03,5A,64,5A,32,00,32,BD
11:01:04.895 CAN::Logger:300584,1,401,0,0,8,40,9C,00,00,45,00,00,00
11:01:04.898 CAN::Logger:300584,0,301,0,0,3,4E,0D,00
11:01:04.904 CAN::Logger:300584,1,206,0,0,8,00,00,00,00,00,00,00,00
11:01:04.908 CAN::Logger:300584,1,202,0,0,8,E2,1C,00,00,33,99,05,00
11:01:04.913 CAN::Logger:300604,1,400,0,0,8,01,00,0C,00,00,00,00,00
11:01:04.918 CAN::Logger:300634,0,300,0,0,8,03,5A,64,5A,32,00,32,BE
11:01:04.922 CAN::Logger:300634,0,301,0,0,3,1D,0E,00
11:01:04.925 CAN::Logger:300654,1,201,0,0,5,00,00,00,00,60
11:01:04.930 CAN::Logger:300664,1,203,0,0,8,00,00,00,00,00,00,00,00
11:01:04.936 CAN::Logger:300684,0,300,0,0,8,03,5A,64,5A,32,00,32,BF
11:01:04.939 CAN::Logger:300684,0,301,0,0,3,E8,0F,00
11:01:04.944 CAN::Logger:300684,1,401,0,0,8,3D,9C,00,00,45,00,00,00
11:01:04.950 CAN::Logger:300684,1,206,0,0,8,00,00,00,00,00,00,00,00
11:01:04.953 CAN::Logger:300704,1,400,0,0,8,01,00,0C,00,00,00,00,00
11:01:04.958 CAN::Logger:300734,0,300,0,0,8,03,5A,64,5A,32,00,32,70
11:01:04.962 CAN::Logger:300734,0,301,0,0,3,E2,00,00
11:01:04.967 CAN::Logger:300754,1,201,0,0,5,00,00,00,00,60
11:01:04.971 CAN::Logger:300764,1,203,0,0,8,00,00,00,00,00,00,00,00
11:01:04.976 CAN::Logger:300784,0,300,0,0,8,03,5A,64,5A,32,00,32,71
11:01:04.980 CAN::Logger:300784,0,301,0,0,3,B3,01,00
11:01:04.985 CAN::Logger:300784,1,401,0,0,8,3D,9C,00,00,45,00,00,00
11:01:04.989 CAN::Logger:300784,1,206,0,0,8,00,00,00,00,00,00,00,00
11:01:04.994 CAN::Logger:300804,1,400,0,0,8,01,00,0C,00,00,00,00,00
11:01:05.000 CAN::Logger:300834,0,300,0,0,8,03,5A,64,5A,32,00,32,72
11:01:05.002 CAN::Logger:300834,0,301,0,0,3,6B,02,00
11:01:05.006 CAN::Logger:300854,1,201,0,0,5,00,00,00,00,60
11:01:05.011 CAN::Logger:300864,1,203,0,0,8,00,00,00,00,00,00,00,00
11:01:05.017 CAN::Logger:300884,0,300,0,0,8,03,5A,64,5A,32,00,32,73
11:01:05.019 CAN::Logger:300884,0,301,0,0,3,96,03,00
11:01:05.024 CAN::Logger:300884,1,401,0,0,8,3D,9C,00,00,45,00,00,00
11:01:05.030 CAN::Logger:300884,1,206,0,0,8,00,00,00,00,00,00,00,00
11:01:05.034 CAN::Logger:300904,1,400,0,0,8,01,00,0C,00,00,00,00,00
11:01:05.040 CAN::Logger:300934,0,300,0,0,8,03,5A,64,5A,32,00,32,34
11:01:05.043 CAN::Logger:300934,0,301,0,0,3,03,04,00
11:01:05.047 CAN::Logger:300954,1,201,0,0,5,00,00,00,00,60
11:01:05.543 CAN::Logger:300964,1,203,0,0,8,00,00,00,00,00,00,00,00
11:01:05.544 CAN::Logger:300984,0,300,0,0,8,03,5A,64,5A,32,00,32,35
11:01:05.545 CAN::Logger:300984,0,301,0,0,3,54,05,00
11:01:05.550 CAN::Logger:300984,1,401,0,0,8,3D,9C,00,00,45,00,00,00
11:01:05.555 CAN::Logger:300984,1,206,0,0,8,00,00,00,00,00,00,00,00
11:01:05.560 CAN::Logger:301004,1,400,0,0,8,01,00,0C,00,00,00,00,00
11:01:05.563 CAN::Logger:301024,0,404,0,0,2,4A,00
11:01:05.569 CAN::Logger:301034,1,405,0,0,8,4A,00,00,00,06,00,00,00
11:01:05.574 CAN::Logger:301034,0,300,0,0,8,03,5A,64,5A,32,00,32,36
11:01:05.577 CAN::Logger:301034,0,301,0,0,3,F5,06,00
11:01:05.580 CAN::Logger:301054,1,201,0,0,5,00,00,00,00,60
11:01:05.584 CAN::Logger:301064,0,404,0,0,2,02,30
11:01:05.588 CAN::Logger:301064,1,405,0,0,7,02,48,00,00,00,00,00
11:01:05.593 CAN::Logger:301064,1,203,0,0,8,00,00,00,00,00,00,00,00
11:01:05.598 CAN::Logger:301064,1,402,0,0,8,4E,00,00,00,F8,AB,07,00
11:01:05.603 CAN::Logger:301084,0,300,0,0,8,03,5A,64,5A,32,00,32,37
11:01:05.606 CAN::Logger:301084,0,301,0,0,3,B8,07,00
11:01:05.612 CAN::Logger:301084,1,401,0,0,8,3D,9C,00,00,45,00,00,00
11:01:05.616 CAN::Logger:301084,1,206,0,0,8,00,00,00,00,00,00,00,00
11:01:05.619 CAN::Logger:301094,0,404,0,0,2,44,00
11:01:05.624 CAN::Logger:301094,1,405,0,0,6,44,00,00,00,50,46
11:01:05.629 CAN::Logger:301104,1,400,0,0,8,01,00,0C,00,00,00,00,00
11:01:05.632 CAN::Logger:301124,0,404,0,0,2,01,00
11:01:05.637 CAN::Logger:301124,1,405,0,0,8,01,00,00,00,00,04,06,04
11:01:05.642 CAN::Logger:301134,0,300,0,0,8,03,5A,64,5A,32,00,32,F8
11:01:05.645 CAN::Logger:301134,0,301,0,0,3,80,08,00
11:01:05.650 CAN::Logger:301154,1,201,0,0,5,00,00,00,00,60
11:01:05.652 CAN::Logger:301154,0,404,0,0,2,A3,01
11:01:05.657 CAN::Logger:301154,1,405,0,0,5,A3,01,00,00,06
11:01:05.662 CAN::Logger:301164,1,203,0,0,8,00,00,00,00,00,00,00,00
11:01:05.666 CAN::Logger:301184,0,404,0,0,2,20,00
11:01:05.670 CAN::Logger:301184,0,300,0,0,8,03,5A,64,5A,32,00,32,F9
11:01:05.673 CAN::Logger:301184,0,301,0,0,3,88,09,00
11:01:05.678 CAN::Logger:301184,1,405,0,0,8,20,00,00,00,32,33,36,47
11:01:05.684 CAN::Logger:301184,1,206,0,0,8,00,00,00,00,00,00,00,00
11:01:05.689 CAN::Logger:301184,1,401,0,0,8,3D,9C,00,00,45,00,00,00
11:01:05.693 CAN::Logger:301204,1,400,0,0,8,01,00,0C,00,00,00,00,00
11:01:05.697 CAN::Logger:301214,0,404,0,0,2,21,00
11:01:05.701 CAN::Logger:301214,1,405,0,0,8,21,00,00,00,35,4C,41,31
11:01:05.706 CAN::Logger:301234,0,300,0,0,8,03,5A,64,5A,32,00,32,FA
11:01:05.709 CAN::Logger:301234,0,301,0,0,3,C6,0A,00
11:01:05.713 CAN::Logger:301244,0,404,0,0,2,22,00
11:01:05.718 CAN::Logger:301244,1,405,0,0,8,22,00,00,00,30,30,34,52
11:01:05.721 CAN::Logger:301254,1,201,0,0,5,00,00,00,00,60
11:01:05.727 CAN::Logger:301264,1,203,0,0,8,00,00,00,00,00,00,00,00
11:01:05.730 CAN::Logger:301284,0,404,0,0,2,23,00
11:01:05.735 CAN::Logger:301284,1,405,0,0,8,23,00,00,00,4D,30,30,30
11:01:05.739 CAN::Logger:301284,0,300,0,0,8,03,5A,64,5A,32,00,32,FB
11:01:05.744 CAN::Logger:301284,0,301,0,0,3,43,0B,00
11:01:05.749 CAN::Logger:301284,1,206,0,0,8,00,00,00,00,00,00,00,00
11:01:05.753 CAN::Logger:301284,1,401,0,0,8,3D,9C,00,00,45,00,00,00
11:01:05.757 CAN::Logger:301304,1,400,0,0,8,01,00,0C,00,00,00,00,00
11:01:05.761 CAN::Logger:301314,0,404,0,0,2,24,00
11:01:05.767 CAN::Logger:301314,1,405,0,0,8,24,00,00,00,30,30,30,30
11:01:05.771 CAN::Logger:301334,0,300,0,0,8,03,5A,64,5A,32,00,32,BC
11:01:05.775 CAN::Logger:301334,0,301,0,0,3,B5,0C,00
11:01:05.777 CAN::Logger:301344,0,404,0,0,2,25,00
11:01:05.783 CAN::Logger:301344,1,405,0,0,8,25,00,00,00,30,30,30,30
11:01:05.787 CAN::Logger:301354,1,201,0,0,5,00,00,00,00,60
11:01:05.792 CAN::Logger:301364,1,203,0,0,8,00,00,00,00,00,00,00,00
11:01:05.794 CAN::Logger:301374,0,404,0,0,2,26,00
11:01:05.800 CAN::Logger:301374,1,405,0,0,8,26,00,00,00,30,30,30,30
11:01:05.805 CAN::Logger:301384,0,300,0,0,8,03,5A,64,5A,32,00,32,BD
11:01:05.808 CAN::Logger:301384,0,301,0,0,3,4E,0D,00
11:01:05.813 CAN::Logger:301384,1,206,0,0,8,00,00,00,00,00,00,00,00
11:01:05.818 CAN::Logger:301384,1,401,0,0,8,3D,9C,00,00,46,00,00,00
11:01:05.821 CAN::Logger:301404,0,404,0,0,2,27,00
11:01:05.825 CAN::Logger:301404,1,405,0,0,6,27,00,00,00,30,30
11:01:05.831 CAN::Logger:301404,1,400,0,0,8,01,00,0C,00,00,00,00,00
11:01:05.836 CAN::Logger:301434,0,300,0,0,8,03,5A,64,5A,32,00,32,BE
11:01:05.838 CAN::Logger:301434,0,301,0,0,3,1D,0E,00
11:01:05.842 CAN::Logger:301444,0,404,0,0,2,4C,00
11:01:05.847 CAN::Logger:301444,1,405,0,0,8,4C,00,00,00,01,24,00,00
11:01:05.851 CAN::Logger:301454,1,201,0,0,5,00,00,00,00,60
11:01:05.856 CAN::Logger:301464,1,203,0,0,8,00,00,00,00,00,00,00,00
11:01:05.860 CAN::Logger:301464,0,404,0,0,2,46,00
11:01:05.863 CAN::Logger:301464,1,405,0,0,5,46,00,00,00,00
11:01:05.868 CAN::Logger:301484,0,300,0,0,8,03,5A,64,5A,32,00,32,BF
11:01:05.872 CAN::Logger:301484,0,301,0,0,3,E8,0F,00
11:01:05.877 CAN::Logger:301484,1,206,0,0,8,00,00,00,00,00,00,00,00
11:01:05.882 CAN::Logger:301484,1,401,0,0,8,3D,9C,00,00,46,00,00,00
11:01:05.885 CAN::Logger:301494,0,404,0,0,2,4D,00
11:01:05.889 CAN::Logger:301494,1,405,0,0,8,4D,00,00,00,00,00,00,00
11:01:05.895 CAN::Logger:301504,1,400,0,0,8,01,00,0C,00,00,00,00,00
11:01:05.897 CAN::Logger:301524,0,404,0,0,2,50,00
11:01:05.902 CAN::Logger:301524,1,405,0,0,8,50,00,00,00,EC,00,EF,00
11:01:05.908 CAN::Logger:301534,0,300,0,0,8,03,5A,64,5A,32,00,32,70
11:01:05.910 CAN::Logger:301534,0,301,0,0,3,E2,00,00
11:01:05.916 CAN::Logger:301554,1,201,0,0,5,00,00,00,00,60
11:01:05.919 CAN::Logger:301564,0,100,0,0,8,04,2E,02,0D,00,00,00,00
11:01:05.925 CAN::Logger:301564,1,101,0,0,8,03,6E,02,0D,E0,B4,1B,02
11:01:05.930 CAN::Logger:301564,1,203,0,0,8,00,00,00,00,00,00,00,00
11:01:05.934 CAN::Logger:301564,1,403,0,0,8,64,00,00,00,40,E3,09,00
11:01:05.940 CAN::Logger:301574,1,204,0,0,8,00,00,00,20,00,00,00,00
11:01:05.944 CAN::Logger:301584,0,300,0,0,8,03,5A,64,5A,32,00,32,71
11:01:05.947 CAN::Logger:301584,0,301,0,0,3,B3,01,00
11:01:05.953 CAN::Logger:301584,1,206,0,0,8,00,00,00,00,00,00,00,00
11:01:05.957 CAN::Logger:301584,1,202,0,0,8,E2,1D,00,00,33,99,05,00
11:01:05.962 CAN::Logger:301584,1,401,0,0,8,3D,9C,00,00,45,00,00,00
11:01:05.967 CAN::Logger:301594,1,666,0,0,8,52,08,05,00,52,95,36,02
11:01:05.972 CAN::Logger:301604,1,400,0,0,8,01,00,0C,00,00,00,00,00
11:01:05.978 CAN::Logger:301614,1,665,0,0,8,00,00,00,53,4C,18,53,00
11:01:05.981 CAN::Logger:301624,1,200,0,0,8,4E,00,F8,AB,07,00,00,00
11:01:05.987 CAN::Logger:301634,0,300,0,0,8,03,5A,64,5A,32,00,32,72
11:01:05.990 CAN::Logger:301634,0,301,0,0,3,6B,02,00
11:01:05.995 CAN::Logger:301654,1,201,0,0,5,00,00,00,00,60
11:01:05.999 CAN::Logger:301664,1,203,0,0,8,00,00,00,00,00,00,00,00
11:01:06.004 CAN::Logger:301664,0,100,0,0,8,05,2E,02,07,78,1E,00,00
11:01:06.009 CAN::Logger:301674,1,101,0,0,8,03,6E,02,07,E0,B3,FF,02
11:01:06.012 CAN::Logger:301684,0,404,0,0,2,02,00
11:01:06.017 CAN::Logger:301684,0,300,0,0,8,03,5A,64,5A,32,00,32,73
11:01:06.021 CAN::Logger:301684,0,301,0,0,3,96,03,00
11:01:06.026 CAN::Logger:301684,1,405,0,0,8,02,00,00,00,53,49,43,54
11:01:06.030 CAN::Logger:301684,1,206,0,0,8,00,00,00,00,00,00,00,00
11:01:06.035 CAN::Logger:301684,1,401,0,0,8,3D,9C,00,00,45,00,00,00
11:01:06.041 CAN::Logger:301704,1,400,0,0,8,01,00,0C,00,00,00,00,00
11:01:06.044 CAN::Logger:301714,0,404,0,0,2,0A,00
11:01:06.049 CAN::Logger:301714,1,405,0,0,8,0A,00,00,00,30,3A,00,00
11:01:06.054 CAN::Logger:301734,0,300,0,0,8,03,5A,64,5A,32,00,32,34
11:01:06.056 CAN::Logger:301734,0,301,0,0,3,03,04,00
11:01:06.060 CAN::Logger:301754,1,201,0,0,5,00,00,00,00,60
11:01:06.064 CAN::Logger:301754,0,404,0,0,2,04,00
11:01:06.068 CAN::Logger:301754,1,405,0,0,7,04,0,00,00,16,09,02
11:01:06.074 CAN::Logger:301764,1,203,0,0,8,00,00,00,00,00,00,00,00
11:01:06.076 CAN::Logger:301774,0,404,0,0,2,B0,01
11:01:06.081 CAN::Logger:301774,1,405,0,0,6,B0,01,00,00,00,00
11:01:06.087 CAN::Logger:301784,0,300,0,0,8,03,5A,64,5A,32,00,32,35
11:01:06.089 CAN::Logger:301784,0,301,0,0,3,54,05,00
11:01:06.095 CAN::Logger:301784,1,206,0,0,8,00,00,00,00,00,00,00,00
11:01:06.100 CAN::Logger:301784,1,401,0,0,8,3D,9C,00,00,45,00,00,00
11:01:06.593 CAN::Logger:301804,1,400,0,0,8,01,00,0C,00,00,00,00,00
11:01:06.595 CAN::Logger:301814,0,404,0,0,2,B1,01
11:01:06.595 CAN::Logger:301814,1,405,0,0,6,B1,01,00,00,00,00
11:01:06.600 CAN::Logger:301834,0,300,0,0,8,03,5A,64,5A,32,00,32,36
11:01:06.603 CAN::Logger:301834,0,301,0,0,3,F5,06,00
11:01:06.607 CAN::Logger:301854,1,201,0,0,5,00,00,00,00,60
11:01:06.612 CAN::Logger:301864,1,203,0,0,8,00,00,00,00,00,00,00,00
11:01:06.617 CAN::Logger:301884,0,300,0,0,8,03,5A,64,5A,32,00,32,37
11:01:06.620 CAN::Logger:301884,0,301,0,0,3,B8,07,00
11:01:06.626 CAN::Logger:301884,1,206,0,0,8,00,00,00,00,00,00,00,00
11:01:06.630 CAN::Logger:301884,1,401,0,0,8,3D,9C,00,00,46,00,00,00
11:01:06.636 CAN::Logger:301904,1,400,0,0,8,01,00,0C,00,00,00,00,00
11:01:06.640 CAN::Logger:301934,0,300,0,0,8,03,5A,64,5A,32,00,32,F8
11:01:06.643 CAN::Logger:301934,0,301,0,0,3,80,08,00
11:01:06.647 CAN::Logger:301954,1,201,0,0,5,00,00,00,00,60
11:01:06.652 CAN::Logger:301964,1,203,0,0,8,00,00,00,00,00,00,00,00
11:01:06.657 CAN::Logger:301974,0,404,0,0,5,02,30,00,00,00
11:01:06.661 CAN::Logger:301974,1,405,0,0,7,02,48,00,00,00,00,00
11:01:06.666 CAN::Logger:301984,0,300,0,0,8,03,5A,64,5A,32,00,32,F9
11:01:06.669 CAN::Logger:301984,0,301,0,0,3,88,09,00
11:01:06.674 CAN::Logger:301984,1,206,0,0,8,00,00,00,00,00,00,00,00
11:01:06.679 CAN::Logger:301984,1,401,0,0,8,3D,9C,00,00,46,00,00,00
11:01:06.685 CAN::Logger:301994,0,100,0,0,8,05,2E,02,06,70,08,00,00
11:01:06.689 CAN::Logger:301994,1,101,0,0,8,03,6E,02,06,E0,B3,F8,02
11:01:06.694 CAN::Logger:302004,0,100,0,0,8,03,22,02,06,00,00,00,00
11:01:06.699 CAN::Logger:302004,1,101,0,0,8,05,62,02,06,70,08,E0,AA
11:01:06.703 CAN::Logger:302004,1,400,0,0,8,01,00,0C,00,00,00,00,00
11:01:06.709 CAN::Logger:302034,0,300,0,0,8,03,5A,64,5A,32,00,32,FA
11:01:06.711 CAN::Logger:302034,0,301,0,0,3,C6,0A,00
11:01:06.717 CAN::Logger:302054,1,201,0,0,5,00,00,00,00,60
11:01:06.720 CAN::Logger:302064,1,203,0,0,8,00,00,00,00,00,00,00,00
11:01:06.725 CAN::Logger:302064,1,402,0,0,8,4E,00,00,00,F8,AB,07,00
11:01:06.730 CAN::Logger:302084,0,300,0,0,8,03,5A,64,5A,32,00,32,FB
11:01:06.734 CAN::Logger:302084,0,301,0,0,3,43,0B,00
11:01:06.739 CAN::Logger:302084,1,206,0,0,8,00,00,00,00,00,00,00,00
11:01:06.743 CAN::Logger:302084,1,401,0,0,8,3D,9C,00,00,46,00,00,00
11:01:06.749 CAN::Logger:302104,1,400,0,0,8,01,00,0C,00,00,00,00,00
11:01:06.753 CAN::Logger:302134,0,300,0,0,8,03,5A,64,5A,32,00,32,BC
11:01:06.758 CAN::Logger:302134,0,301,0,0,3,B5,0C,00
11:01:06.761 CAN::Logger:302154,1,201,0,0,5,00,00,00,00,60
11:01:06.767 CAN::Logger:302164,1,203,0,0,8,00,00,00,00,00,00,00,00
11:01:06.771 CAN::Logger:302184,0,300,0,0,8,03,5A,64,5A,32,00,32,BD
11:01:06.774 CAN::Logger:302184,0,301,0,0,3,4E,0D,00
11:01:06.780 CAN::Logger:302184,1,206,0,0,8,00,00,00,00,00,00,00,00
11:01:06.785 CAN::Logger:302184,1,401,0,0,8,3D,9C,00,00,46,00,00,00
11:01:06.790 CAN::Logger:302204,1,400,0,0,8,01,00,0C,00,00,00,00,00
11:01:06.794 CAN::Logger:302234,0,300,0,0,8,03,5A,64,5A,32,00,32,BE
11:01:06.798 CAN::Logger:302234,0,301,0,0,3,1D,0E,00
11:01:06.801 CAN::Logger:302254,1,201,0,0,5,00,00,00,00,60
11:01:06.807 CAN::Logger:302264,1,203,0,0,8,00,00,00,00,00,00,00,00
11:01:06.811 CAN::Logger:302284,0,300,0,0,8,03,5A,64,5A,32,00,32,BF
11:01:06.814 CAN::Logger:302284,0,301,0,0,3,E8,0F,00
11:01:06.819 CAN::Logger:302284,1,206,0,0,8,00,00,00,00,00,00,00,00
11:01:06.825 CAN::Logger:302284,1,401,0,0,8,3D,9C,00,00,46,00,00,00
11:01:06.830 CAN::Logger:302304,1,400,0,0,8,01,00,0C,00,00,00,00,00
11:01:06.834 CAN::Logger:302334,0,300,0,0,8,03,5A,64,5A,32,00,32,70
11:01:06.838 CAN::Logger:302334,0,301,0,0,3,E2,00,00
11:01:06.842 CAN::Logger:302354,1,201,0,0,5,00,00,00,00,60
11:01:06.846 CAN::Logger:302364,1,203,0,0,8,00,00,00,00,00,00,00,00
11:01:06.851 CAN::Logger:302384,0,300,0,0,8,03,5A,64,5A,32,00,32,71
11:01:06.855 CAN::Logger:302384,0,301,0,0,3,B3,01,00
11:01:06.861 CAN::Logger:302384,1,206,0,0,8,00,00,00,00,00,00,00,00
11:01:06.865 CAN::Logger:302394,1,401,0,0,8,3D,9C,00,00,46,00,00,00
11:01:06.870 CAN::Logger:302414,1,400,0,0,8,01,00,0C,00,00,00,00,00
11:01:06.875 CAN::Logger:302434,0,300,0,0,8,03,5A,64,5A,32,00,32,72
11:01:06.878 CAN::Logger:302434,0,301,0,0,3,6B,02,00
11:01:06.883 CAN::Logger:302454,1,201,0,0,5,00,00,00,00,60
11:01:06.887 CAN::Logger:302464,1,203,0,0,8,00,00,00,00,00,00,00,00
11:01:06.893 CAN::Logger:302484,0,300,0,0,8,03,5A,64,5A,32,00,32,73
11:01:06.896 CAN::Logger:302484,0,301,0,0,3,96,03,00
11:01:06.900 CAN::Logger:302484,1,206,0,0,8,00,00,00,00,00,00,00,00
11:01:06.905 CAN::Logger:302494,1,401,0,0,8,3D,9C,00,00,46,00,00,00
11:01:06.911 CAN::Logger:302514,1,400,0,0,8,01,00,0C,00,00,00,00,00
11:01:06.915 CAN::Logger:302534,0,300,0,0,8,03,5A,64,5A,32,00,32,34
11:01:06.918 CAN::Logger:302534,0,301,0,0,3,03,04,00
11:01:06.924 CAN::Logger:302554,1,201,0,0,5,00,00,00,00,60
11:01:06.927 CAN::Logger:302564,1,203,0,0,8,00,00,00,00,00,00,00,00
11:01:06.932 CAN::Logger:302574,1,403,0,0,8,64,00,00,00,40,E3,09,00
11:01:06.937 CAN::Logger:302574,1,204,0,0,8,00,00,00,20,00,00,00,00
11:01:06.942 CAN::Logger:302584,0,300,0,0,8,03,5A,64,5A,32,00,32,35
11:01:06.945 CAN::Logger:302584,0,301,0,0,3,54,05,00
11:01:06.950 CAN::Logger:302584,1,206,0,0,8,00,00,00,00,00,00,00,00
11:01:06.955 CAN::Logger:302584,1,202,0,0,8,E2,1D,00,00,33,99,05,00
11:01:06.961 CAN::Logger:302594,1,401,0,0,8,3D,9C,00,00,45,00,00,00
11:01:06.965 CAN::Logger:302614,1,400,0,0,8,01,00,0C,00,00,00,00,00
11:01:06.970 CAN::Logger:302634,0,300,0,0,8,03,5A,64,5A,32,00,32,36
11:01:06.973 CAN::Logger:302634,0,301,0,0,3,F5,06,00
11:01:06.977 CAN::Logger:302654,1,201,0,0,5,00,00,00,00,60
11:01:06.982 CAN::Logger:302664,1,203,0,0,8,00,00,00,00,00,00,00,00
11:01:06.987 CAN::Logger:302684,0,300,0,0,8,03,5A,64,5A,32,00,32,37
11:01:06.990 CAN::Logger:302684,0,301,0,0,3,B8,07,00
11:01:06.995 CAN::Logger:302684,1,206,0,0,8,00,00,00,00,00,00,00,00
11:01:07.001 CAN::Logger:302694,1,401,0,0,8,3D,9C,00,00,45,00,00,00
11:01:07.005 CAN::Logger:302714,1,400,0,0,8,01,00,0C,00,00,00,00,00
11:01:07.011 CAN::Logger:302734,0,300,0,0,8,03,5A,64,5A,32,00,32,F8
11:01:07.014 CAN::Logger:302734,0,301,0,0,3,80,08,00
11:01:07.018 CAN::Logger:302754,1,201,0,0,5,00,00,00,00,60
11:01:07.023 CAN::Logger:302764,1,203,0,0,8,00,00,00,00,00,00,00,00
11:01:07.028 CAN::Logger:302784,0,300,0,0,8,03,5A,64,5A,32,00,32,F9
11:01:07.031 CAN::Logger:302784,0,301,0,0,3,88,09,00
11:01:07.036 CAN::Logger:302784,1,206,0,0,8,00,00,00,00,00,00,00,00
11:01:07.041 CAN::Logger:302794,1,401,0,0,8,3D,9C,00,00,45,00,00,00
11:01:07.046 CAN::Logger:302814,1,400,0,0,8,01,00,0C,00,00,00,00,00
11:01:07.050 CAN::Logger:302834,0,300,0,0,8,03,5A,64,5A,32,00,32,FA
11:01:07.055 CAN::Logger:302834,0,301,0,0,3,C6,0A,00
11:01:07.554 CAN::Logger:302854,1,201,0,0,5,00,00,00,00,60
11:01:07.555 CAN::Logger:302864,1,203,0,0,8,00,00,00,00,00,00,00,00
11:01:07.556 CAN::Logger:302884,0,300,0,0,8,03,5A,64,5A,32,00,32,FB
11:01:07.559 CAN::Logger:302884,0,301,0,0,3,43,0B,00
11:01:07.564 CAN::Logger:302884,1,206,0,0,8,00,00,00,00,00,00,00,00
11:01:07.569 CAN::Logger:302894,1,401,0,0,8,3D,9C,00,00,46,00,00,00
11:01:07.574 CAN::Logger:302914,1,400,0,0,8,01,00,0C,00,00,00,00,00
11:01:07.578 CAN::Logger:302934,0,300,0,0,8,03,5A,64,5A,32,00,32,BC
11:01:07.582 CAN::Logger:302934,0,301,0,0,3,B5,0C,00
11:01:07.586 CAN::Logger:302954,1,201,0,0,5,00,00,00,00,60
11:01:07.591 CAN::Logger:302964,1,203,0,0,8,00,00,00,00,00,00,00,00
11:01:07.596 CAN::Logger:302984,0,300,0,0,8,03,5A,64,5A,32,00,32,BD
11:01:07.600 CAN::Logger:302984,0,301,0,0,3,4E,0D,00
11:01:07.605 CAN::Logger:302984,1,206,0,0,8,00,00,00,00,00,00,00,00
11:01:07.610 CAN::Logger:302994,1,401,0,0,8,3D,9C,00,00,46,00,00,00
11:01:07.615 CAN::Logger:303014,1,400,0,0,8,01,00,0C,00,00,00,00,00
11:01:07.619 CAN::Logger:303024,0,100,0,0,8,03,22,02,06,00,00,00,00
11:01:07.624 CAN::Logger:303024,1,101,0,0,8,05,62,02,06,70,08,E0,AA
11:01:07.630 CAN::Logger:303034,0,300,0,0,8,03,5A,64,5A,32,00,32,BE
11:01:07.633 CAN::Logger:303034,0,301,0,0,3,1D,0E,00
11:01:07.636 CAN::Logger:303054,1,201,0,0,5,00,00,00,00,60
11:01:07.641 CAN::Logger:303064,1,203,0,0,8,00,00,00,00,00,00,00,00
11:01:07.647 CAN::Logger:303074,1,402,0,0,8,4E,00,00,00,F8,AB,07,00
11:01:07.651 CAN::Logger:303084,0,300,0,0,8,03,5A,64,5A,32,00,32,BF
11:01:07.654 CAN::Logger:303084,0,301,0,0,3,E8,0F,00
11:01:07.659 CAN::Logger:303084,1,206,0,0,8,00,00,00,00,00,00,00,00
11:01:07.664 CAN::Logger:303094,1,401,0,0,8,3D,9C,00,00,46,00,00,00
11:01:07.669 CAN::Logger:303114,1,400,0,0,8,01,00,0C,00,00,00,00,00
11:01:07.675 CAN::Logger:303134,0,300,0,0,8,03,5A,64,5A,32,00,32,70
11:01:07.677 CAN::Logger:303134,0,301,0,0,3,E2,00,00
11:01:07.681 CAN::Logger:303154,1,201,0,0,5,00,00,00,00,60
11:01:07.687 CAN::Logger:303164,1,203,0,0,8,00,00,00,00,00,00,00,00
11:01:07.691 CAN::Logger:303184,0,300,0,0,8,03,5A,64,5A,32,00,32,71
11:01:07.695 CAN::Logger:303184,0,301,0,0,3,B3,01,00
11:01:07.700 CAN::Logger:303184,1,206,0,0,8,00,00,00,00,00,00,00,00
11:01:07.705 CAN::Logger:303194,1,401,0,0,8,3D,9C,00,00,46,00,00,00
11:01:07.709 CAN::Logger:303214,1,400,0,0,8,01,00,0C,00,00,00,00,00
11:01:07.715 CAN::Logger:303234,0,300,0,0,8,03,5A,64,5A,32,00,32,72
11:01:07.718 CAN::Logger:303234,0,301,0,0,3,6B,02,00
11:01:07.723 CAN::Logger:303254,1,201,0,0,5,00,00,00,00,60
11:01:07.727 CAN::Logger:303264,1,203,0,0,8,00,00,00,00,00,00,00,00
11:01:07.732 CAN::Logger:303284,0,300,0,0,8,03,5A,64,5A,32,00,32,73
11:01:07.735 CAN::Logger:303284,0,301,0,0,3,96,03,00
11:01:07.741 CAN::Logger:303284,1,206,0,0,8,00,00,00,00,00,00,00,00
11:01:07.746 CAN::Logger:303294,1,401,0,0,8,3D,9C,00,00,46,00,00,00
11:01:07.751 CAN::Logger:303314,1,400,0,0,8,01,00,0C,00,00,00,00,00
11:01:07.755 CAN::Logger:303334,0,300,0,0,8,03,5A,64,5A,32,00,32,34
11:01:07.759 CAN::Logger:303334,0,301,0,0,3,03,04,00
11:01:07.762 CAN::Logger:303354,1,201,0,0,5,00,00,00,00,60
11:01:07.768 CAN::Logger:303364,1,203,0,0,8,00,00,00,00,00,00,00,00
11:01:07.772 CAN::Logger:303384,0,300,0,0,8,03,5A,64,5A,32,00,32,35
11:01:07.776 CAN::Logger:303384,0,301,0,0,3,54,05,00
11:01:07.781 CAN::Logger:303384,1,206,0,0,8,00,00,00,00,00,00,00,00
11:01:07.786 CAN::Logger:303394,1,401,0,0,8,3D,9C,00,00,45,00,00,00
11:01:07.791 CAN::Logger:303414,1,400,0,0,8,01,00,0C,00,00,00,00,00
11:01:07.795 CAN::Logger:303434,0,300,0,0,8,03,5A,64,5A,32,00,32,36
11:01:07.799 CAN::Logger:303434,0,301,0,0,3,F5,06,00
11:01:07.803 CAN::Logger:303454,1,201,0,0,5,00,00,00,00,60
11:01:07.808 CAN::Logger:303464,1,203,0,0,8,00,00,00,00,00,00,00,00
11:01:07.812 CAN::Logger:303484,0,300,0,0,8,03,5A,64,5A,32,00,32,37
11:01:07.816 CAN::Logger:303484,0,301,0,0,3,B8,07,00
11:01:07.822 CAN::Logger:303484,1,206,0,0,8,00,00,00,00,00,00,00,00
11:01:07.826 CAN::Logger:303494,1,401,0,0,8,40,9C,00,00,45,00,00,00
11:01:07.831 CAN::Logger:303514,1,400,0,0,8,01,00,0C,00,00,00,00,00
11:01:07.836 CAN::Logger:303534,0,300,0,0,8,03,5A,64,5A,32,00,32,F8
11:01:07.839 CAN::Logger:303534,0,301,0,0,3,80,08,00
11:01:07.843 CAN::Logger:303554,1,201,0,0,5,00,00,00,00,60
11:01:07.848 CAN::Logger:303564,1,203,0,0,8,00,00,00,00,00,00,00,00
11:01:07.854 CAN::Logger:303574,1,403,0,0,8,64,00,00,00,40,E3,09,00
11:01:07.858 CAN::Logger:303574,1,204,0,0,8,00,00,00,20,00,00,00,00
11:01:07.862 CAN::Logger:303584,0,300,0,0,8,03,5A,64,5A,32,00,32,F9
11:01:07.867 CAN::Logger:303584,0,301,0,0,3,88,09,00
11:01:07.871 CAN::Logger:303584,1,206,0,0,8,00,00,00,00,00,00,00,00
11:01:07.877 CAN::Logger:303584,1,202,0,0,8,E2,1C,00,00,33,99,05,00
11:01:07.880 CAN::Logger:303594,1,401,0,0,8,40,9C,00,00,45,00,00,00
11:01:07.885 CAN::Logger:303614,1,400,0,0,8,01,00,0C,00,00,00,00,00
11:01:07.891 CAN::Logger:303634,0,300,0,0,8,03,5A,64,5A,32,00,32,FA
11:01:07.894 CAN::Logger:303634,0,301,0,0,3,C6,0A,00
11:01:07.898 CAN::Logger:303654,1,201,0,0,5,00,00,00,00,60
11:01:07.903 CAN::Logger:303664,1,203,0,0,8,00,00,00,00,00,00,00,00
11:01:07.908 CAN::Logger:303684,0,300,0,0,8,03,5A,64,5A,32,00,32,FB
11:01:07.911 CAN::Logger:303684,0,301,0,0,3,43,0B,00
11:01:07.917 CAN::Logger:303684,1,206,0,0,8,00,00,00,00,00,00,00,00
11:01:07.921 CAN::Logger:303694,1,401,0,0,8,3D,9C,00,00,45,00,00,00
11:01:07.926 CAN::Logger:303714,1,400,0,0,8,01,00,0C,00,00,00,00,00
11:01:07.931 CAN::Logger:303734,0,300,0,0,8,03,5A,64,5A,32,00,32,BC
11:01:07.935 CAN::Logger:303734,0,301,0,0,3,B5,0C,00
11:01:07.939 CAN::Logger:303754,1,201,0,0,5,00,00,00,00,60
11:01:07.943 CAN::Logger:303764,1,203,0,0,8,00,00,00,00,00,00,00,00
11:01:07.948 CAN::Logger:303784,0,300,0,0,8,03,5A,64,5A,32,00,32,BD
11:01:07.952 CAN::Logger:303784,0,301,0,0,3,4E,0D,00
11:01:07.957 CAN::Logger:303784,1,206,0,0,8,00,00,00,00,00,00,00,00
11:01:07.961 CAN::Logger:303794,1,401,0,0,8,3D,9C,00,00,45,00,00,00
11:01:08.453 CAN::Logger:303814,1,400,0,0,8,01,00,0C,00,00,00,00,00
11:01:08.454 CAN::Logger:303834,0,300,0,0,8,03,5A,64,5A,32,00,32,BE
11:01:08.455 CAN::Logger:303834,0,301,0,0,3,1D,0E,00
11:01:08.459 CAN::Logger:303854,1,201,0,0,5,00,00,00,00,60
11:01:08.464 CAN::Logger:303864,1,203,0,0,8,00,00,00,00,00,00,00,00
11:01:08.469 CAN::Logger:303884,0,300,0,0,8,03,5A,64,5A,32,00,32,BF
11:01:08.472 CAN::Logger:303884,0,301,0,0,3,E8,0F,00
11:01:08.477 CAN::Logger:303884,1,206,0,0,8,00,00,00,00,00,00,00,00
11:01:08.482 CAN::Logger:303894,1,401,0,0,8,3D,9C,00,00,45,00,00,00
11:01:08.488 CAN::Logger:303914,1,400,0,0,8,01,00,0C,00,00,00,00,00
11:01:08.493 CAN::Logger:303934,0,300,0,0,8,03,5A,64,5A,32,00,32,70
11:01:08.495 CAN::Logger:303934,0,301,0,0,3,E2,00,00
11:01:08.499 CAN::Logger:303954,1,201,0,0,5,00,00,00,00,60
11:01:08.504 CAN::Logger:303964,1,203,0,0,8,00,00,00,00,00,00,00,00
11:01:08.509 CAN::Logger:303984,0,300,0,0,8,03,5A,64,5A,32,00,32,71
11:01:08.514 CAN::Logger:303984,0,301,0,0,3,B3,01,00
11:01:08.518 CAN::Logger:303984,1,206,0,0,8,00,00,00,00,00,00,00,00
11:01:08.522 CAN::Logger:303994,1,401,0,0,8,40,9C,00,00,45,00,00,00
11:01:08.527 CAN::Logger:304014,1,400,0,0,8,01,00,0C,00,00,00,00,00
11:01:08.532 CAN::Logger:304034,0,300,0,0,8,03,5A,64,5A,32,00,32,72
11:01:08.537 CAN::Logger:304034,0,301,0,0,3,6B,02,00
11:01:08.540 CAN::Logger:304054,1,201,0,0,5,00,00,00,00,60
11:01:08.545 CAN::Logger:304064,1,203,0,0,8,00,00,00,00,00,00,00,00
11:01:08.551 CAN::Logger:304074,1,402,0,0,8,4E,00,00,00,F8,AB,07,00
11:01:08.554 CAN::Logger:304084,0,300,0,0,8,03,5A,64,5A,32,00,32,73
11:01:08.558 CAN::Logger:304084,0,301,0,0,3,96,03,00
11:01:08.563 CAN::Logger:304084,1,206,0,0,8,00,00,00,00,00,00,00,00
11:01:08.569 CAN::Logger:304094,1,401,0,0,8,40,9C,00,00,45,00,00,00
11:01:08.574 CAN::Logger:304114,1,400,0,0,8,01,00,0C,00,00,00,00,00
11:01:08.577 CAN::Logger:304134,0,300,0,0,8,03,5A,64,5A,32,00,32,34
11:01:08.581 CAN::Logger:304134,0,301,0,0,3,03,04,00
11:01:08.586 CAN::Logger:304154,1,201,0,0,5,00,00,00,00,60
11:01:08.590 CAN::Logger:304164,1,203,0,0,8,00,00,00,00,00,00,00,00
11:01:08.595 CAN::Logger:304184,0,300,0,0,8,03,5A,64,5A,32,00,32,35
11:01:08.598 CAN::Logger:304184,0,301,0,0,3,54,05,00
11:01:08.603 CAN::Logger:304184,1,206,0,0,8,00,00,00,00,00,00,00,00
11:01:08.608 CAN::Logger:304194,1,401,0,0,8,40,9C,00,00,45,00,00,00
11:01:08.613 CAN::Logger:304214,1,400,0,0,8,01,00,0C,00,00,00,00,00
11:01:08.618 CAN::Logger:304234,0,300,0,0,8,03,5A,64,5A,32,00,32,36
11:01:08.655 CAN::Logger:304234,0,301,0,0,3,F5,06,00
11:01:08.729 CAN::Logger:304254,1,201,0,0,5,00,00,00,00,60
11:01:08.800 CAN::Logger:304354,1,201,0,0,5,00,00,00,00,60
11:01:08.871 CAN::Logger:304434,0,301,0,0,3,C6,0A,00
11:01:08.943 CAN::Logger:304534,0,300,0,0,8,03,5A,64,5A,32,00,32,BC
