14:58:33.617 CAN::Logger:402675,49,769,0,0,3,181,12,0
14:58:33.621 CAN::Logger:402685,50,515,0,0,8,0,0,0,0,0,0,0,0
14:58:33.626 CAN::Logger:402705,50,518,0,0,8,0,0,0,0,0,0,0,0
14:58:33.631 CAN::Logger:402725,49,768,0,0,8,3,90,100,90,100,0,100,173
14:58:33.634 CAN::Logger:402725,49,769,0,0,3,78,13,0
14:58:33.639 CAN::Logger:402745,50,1025,0,0,8,42,158,0,0,70,0,0,0
14:58:33.643 CAN::Logger:402765,50,1024,0,0,8,1,0,12,0,0,0,0,0
14:58:33.649 CAN::Logger:402775,49,768,0,0,8,3,90,100,90,100,0,100,190
14:58:33.652 CAN::Logger:402775,50,513,0,0,5,42,8,0,0,98
14:58:33.656 CAN::Logger:402775,49,769,0,0,3,29,14,0
14:58:33.660 CAN::Logger:402785,50,515,0,0,8,0,0,0,0,0,0,0,0
14:58:33.665 CAN::Logger:402815,50,518,0,0,8,0,0,0,0,0,0,0,0
14:58:33.670 CAN::Logger:402825,49,768,0,0,8,3,90,100,90,100,0,100,175
14:58:33.673 CAN::Logger:402825,49,769,0,0,3,232,15,0
14:58:33.678 CAN::Logger:402825,50,1027,0,0,8,100,0,0,0,64,227,9,0
14:58:33.683 CAN::Logger:402845,50,1025,0,0,8,50,158,0,0,70,0,0,0
14:58:33.687 CAN::Logger:402865,50,1024,0,0,8,1,0,12,0,0,0,0,0
14:58:33.693 CAN::Logger:402875,49,768,0,0,8,3,90,100,90,100,0,100,48
14:58:33.697 CAN::Logger:402875,50,513,0,0,5,158,7,0,0,98
14:58:33.700 CAN::Logger:402875,49,769,0,0,3,226,0,0
14:58:33.704 CAN::Logger:402885,50,515,0,0,8,0,0,0,0,0,0,0,0
14:58:33.708 CAN::Logger:402915,50,518,0,0,8,0,0,0,0,0,0,0,0
14:58:33.713 CAN::Logger:402925,49,768,0,0,8,3,90,100,90,100,0,100,33
14:58:33.718 CAN::Logger:402925,49,769,0,0,3,179,1,0
14:58:33.722 CAN::Logger:402945,50,1025,0,0,8,50,158,0,0,71,0,0,0
14:58:33.726 CAN::Logger:402965,50,1024,0,0,8,1,0,12,0,0,0,0,0
14:58:33.731 CAN::Logger:402975,49,768,0,0,8,3,90,100,90,100,0,100,50
14:58:33.735 CAN::Logger:402975,49,769,0,0,3,107,2,0
14:58:33.739 CAN::Logger:402975,50,513,0,0,5,158,7,0,0,98
14:58:33.743 CAN::Logger:402985,50,515,0,0,8,0,0,0,0,0,0,0,0
14:58:33.739 CAN::Logger:403015,50,518,0,0,8,0,0,0,0,0,0,0,0
14:58:33.752 CAN::Logger:403025,49,768,0,0,8,3,90,100,90,100,0,100,35
14:58:33.756 CAN::Logger:403025,49,769,0,0,3,150,3,0
14:58:33.761 CAN::Logger:403045,50,1025,0,0,8,50,158,0,0,71,0,0,0
14:58:33.765 CAN::Logger:403065,50,1024,0,0,8,1,0,12,0,0,0,0,0
14:58:33.771 CAN::Logger:403075,49,768,0,0,8,3,90,100,90,100,0,100,52
14:58:33.774 CAN::Logger:403075,49,769,0,0,3,3,4,0
14:58:33.778 CAN::Logger:403075,50,513,0,0,5,158,7,0,0,98
14:58:33.782 CAN::Logger:403085,50,515,0,0,8,0,0,0,0,0,0,0,0
14:58:33.787 CAN::Logger:403115,50,518,0,0,8,0,0,0,0,0,0,0,0
14:58:33.792 CAN::Logger:403125,49,768,0,0,8,3,90,100,90,100,0,100,37
14:58:33.795 CAN::Logger:403125,49,769,0,0,3,84,5,0
14:58:33.800 CAN::Logger:403145,50,1025,0,0,8,57,158,0,0,71,0,0,0
14:58:33.803 CAN::Logger:403165,50,1024,0,0,8,1,0,12,0,0,0,0,0
14:58:33.808 CAN::Logger:403175,49,768,0,0,8,3,90,100,90,100,0,100,54
14:58:33.812 CAN::Logger:403175,49,769,0,0,3,245,6,0
14:58:33.816 CAN::Logger:403175,50,513,0,0,5,158,7,0,0,98
14:58:33.821 CAN::Logger:403185,50,515,0,0,8,0,0,0,0,0,0,0,0
14:58:33.825 CAN::Logger:403215,50,518,0,0,8,0,0,0,0,0,0,0,0
14:58:33.830 CAN::Logger:403225,49,768,0,0,8,3,90,100,90,100,0,100,39
14:58:33.833 CAN::Logger:403225,49,769,0,0,3,184,7,0
14:58:33.838 CAN::Logger:403245,50,1025,0,0,8,57,158,0,0,71,0,0,0
14:58:33.842 CAN::Logger:403265,50,1024,0,0,8,1,0,12,0,0,0,0,0
14:58:33.846 CAN::Logger:403275,50,513,0,0,5,118,7,0,0,98
14:58:33.851 CAN::Logger:403275,49,768,0,0,8,3,90,100,90,100,0,100,184
14:58:33.856 CAN::Logger:403275,49,769,0,0,3,128,8,0
14:58:33.859 CAN::Logger:403285,50,515,0,0,8,0,0,0,0,0,0,0,0
14:58:33.863 CAN::Logger:403315,50,518,0,0,8,0,0,0,0,0,0,0,0
14:58:33.868 CAN::Logger:403325,49,768,0,0,8,3,90,100,90,100,0,100,169
14:58:33.872 CAN::Logger:403325,49,769,0,0,3,136,9,0
14:58:33.877 CAN::Logger:403325,50,1026,0,0,8,87,0,0,0,12,154,8,0
14:58:33.881 CAN::Logger:403345,50,1025,0,0,8,59,158,0,0,71,0,0,0
14:58:33.886 CAN::Logger:403365,50,1024,0,0,8,1,0,12,0,0,0,0,0
14:58:33.891 CAN::Logger:403375,49,768,0,0,8,3,90,100,90,100,0,100,186
14:58:33.895 CAN::Logger:403375,49,769,0,0,3,198,10,0
14:58:33.899 CAN::Logger:403375,50,513,0,0,5,118,7,0,0,98
14:58:33.903 CAN::Logger:403385,50,515,0,0,8,0,0,0,0,0,0,0,0
14:58:33.907 CAN::Logger:403415,50,518,0,0,8,0,0,0,0,0,0,0,0
14:58:33.912 CAN::Logger:403425,49,768,0,0,8,3,90,100,90,100,0,100,171
14:58:33.917 CAN::Logger:403425,49,769,0,0,3,67,11,0
14:58:34.416 CAN::Logger:403445,50,1025,0,0,8,59,158,0,0,70,0,0,0
14:58:34.417 CAN::Logger:403465,50,1024,0,0,8,1,0,12,0,0,0,0,0
14:58:34.419 CAN::Logger:403475,49,768,0,0,8,3,90,100,90,100,0,100,188
14:58:34.421 CAN::Logger:403475,49,769,0,0,3,181,12,0
14:58:34.426 CAN::Logger:403475,50,513,0,0,5,118,7,0,0,98
14:58:34.429 CAN::Logger:403485,50,515,0,0,8,0,0,0,0,0,0,0,0
14:58:34.435 CAN::Logger:403515,50,518,0,0,8,0,0,0,0,0,0,0,0
14:58:34.439 CAN::Logger:403525,49,768,0,0,8,3,90,100,90,100,0,100,173
14:58:34.443 CAN::Logger:403525,49,769,0,0,3,78,13,0
14:58:34.447 CAN::Logger:403545,50,1025,0,0,8,59,158,0,0,70,0,0,0
14:58:34.451 CAN::Logger:403565,50,1024,0,0,8,1,0,12,0,0,0,0,0
14:58:34.457 CAN::Logger:403575,49,768,0,0,8,3,90,100,90,100,0,100,190
14:58:34.461 CAN::Logger:403575,49,769,0,0,3,29,14,0
14:58:34.464 CAN::Logger:403575,50,513,0,0,5,118,7,0,0,98
14:58:34.469 CAN::Logger:403585,50,515,0,0,8,0,0,0,0,0,0,0,0
14:58:34.473 CAN::Logger:403595,50,516,0,0,8,0,0,0,0,0,0,0,0
14:58:34.477 CAN::Logger:403615,50,518,0,0,8,0,0,0,0,0,0,0,0
14:58:34.482 CAN::Logger:403615,50,514,0,0,8,226,20,0,0,222,125,5,0
14:58:34.487 CAN::Logger:403625,49,768,0,0,8,3,90,100,90,100,0,100,175
14:58:34.491 CAN::Logger:403625,49,769,0,0,3,232,15,0
14:58:34.495 CAN::Logger:403645,50,1025,0,0,8,63,158,0,0,70,0,0,0
14:58:34.500 CAN::Logger:403665,50,1024,0,0,8,1,0,12,0,0,0,0,0
14:58:34.505 CAN::Logger:403675,49,768,0,0,8,3,90,100,90,100,0,100,48
14:58:34.505 CAN::Logger:403675,49,769,0,0,3,226,0,0
14:58:34.512 CAN::Logger:403675,50,513,0,0,5,58,7,0,0,98
14:58:34.516 CAN::Logger:403685,50,515,0,0,8,0,0,0,0,0,0,0,0
14:58:34.521 CAN::Logger:403715,50,518,0,0,8,0,0,0,0,0,0,0,0
14:58:34.526 CAN::Logger:403725,49,768,0,0,8,3,90,100,90,100,0,100,33
14:58:34.529 CAN::Logger:403725,49,769,0,0,3,179,1,0
14:58:34.534 CAN::Logger:403745,50,1025,0,0,8,63,158,0,0,71,0,0,0
14:58:34.539 CAN::Logger:403765,50,1024,0,0,8,1,0,12,0,0,0,0,0
14:58:34.543 CAN::Logger:403775,49,768,0,0,8,3,90,100,90,100,0,100,50
14:58:34.547 CAN::Logger:403775,49,769,0,0,3,107,2,0
14:58:34.551 CAN::Logger:403775,50,513,0,0,5,58,7,0,0,98
14:58:34.555 CAN::Logger:403785,50,515,0,0,8,0,0,0,0,0,0,0,0
14:58:34.559 CAN::Logger:403815,50,518,0,0,8,0,0,0,0,0,0,0,0
14:58:34.564 CAN::Logger:403825,49,768,0,0,8,3,90,100,90,100,0,100,35
14:58:34.568 CAN::Logger:403825,49,769,0,0,3,150,3,0
14:58:34.574 CAN::Logger:403835,50,1027,0,0,8,100,0,0,0,64,227,9,0
14:58:34.578 CAN::Logger:403855,50,1025,0,0,8,69,158,0,0,71,0,0,0
14:58:34.582 CAN::Logger:403875,50,1024,0,0,8,1,0,12,0,0,0,0,0
14:58:34.588 CAN::Logger:403875,49,768,0,0,8,3,90,100,90,100,0,100,52
14:58:34.590 CAN::Logger:403875,49,769,0,0,3,3,4,0
14:58:34.595 CAN::Logger:403875,50,513,0,0,5,58,7,0,0,98
14:58:34.598 CAN::Logger:403885,50,515,0,0,8,0,0,0,0,0,0,0,0
14:58:34.604 CAN::Logger:403915,50,518,0,0,8,0,0,0,0,0,0,0,0
14:58:34.609 CAN::Logger:403925,49,768,0,0,8,3,90,100,90,100,0,100,37
14:58:34.612 CAN::Logger:403925,49,769,0,0,3,84,5,0
14:58:34.616 CAN::Logger:403955,50,1025,0,0,8,69,158,0,0,70,0,0,0
14:58:34.620 CAN::Logger:403975,50,1024,0,0,8,1,0,12,0,0,0,0,0
14:58:34.625 CAN::Logger:403975,49,768,0,0,8,3,90,100,90,100,0,100,54
14:58:34.629 CAN::Logger:403975,49,769,0,0,3,245,6,0
14:58:34.633 CAN::Logger:403975,50,513,0,0,5,58,7,0,0,98
14:58:34.637 CAN::Logger:403985,50,515,0,0,8,0,0,0,0,0,0,0,0
14:58:34.641 CAN::Logger:404015,50,518,0,0,8,0,0,0,0,0,0,0,0
14:58:34.646 CAN::Logger:404025,49,768,0,0,8,3,90,100,90,100,0,100,39
14:58:34.650 CAN::Logger:404025,49,769,0,0,3,184,7,0
14:58:34.655 CAN::Logger:404055,50,1025,0,0,8,69,158,0,0,70,0,0,0
14:58:34.659 CAN::Logger:404075,50,1024,0,0,8,1,0,12,0,0,0,0,0
14:58:34.664 CAN::Logger:404075,49,768,0,0,8,3,90,100,90,100,0,100,184
14:58:34.668 CAN::Logger:404075,49,769,0,0,3,128,8,0
14:58:34.672 CAN::Logger:404075,50,513,0,0,5,58,7,0,0,98
14:58:34.676 CAN::Logger:404085,50,515,0,0,8,0,0,0,0,0,0,0,0
14:58:34.680 CAN::Logger:404115,50,518,0,0,8,0,0,0,0,0,0,0,0
14:58:34.686 CAN::Logger:404125,49,768,0,0,8,3,90,100,90,100,0,100,169
14:58:34.689 CAN::Logger:404125,49,769,0,0,3,136,9,0
14:58:34.694 CAN::Logger:404155,50,1025,0,0,8,71,158,0,0,70,0,0,0
14:58:34.698 CAN::Logger:404175,50,1024,0,0,8,1,0,12,0,0,0,0,0
14:58:34.703 CAN::Logger:404175,49,768,0,0,8,3,90,100,90,100,0,100,186
14:58:34.707 CAN::Logger:404175,49,769,0,0,3,198,10,0
14:58:34.711 CAN::Logger:404175,50,513,0,0,5,18,7,0,0,98
14:58:34.716 CAN::Logger:404185,50,515,0,0,8,0,0,0,0,0,0,0,0
14:58:34.719 CAN::Logger:404215,50,518,0,0,8,0,0,0,0,0,0,0,0
14:58:34.725 CAN::Logger:404225,49,768,0,0,8,3,90,100,90,100,0,100,171
14:58:34.728 CAN::Logger:404225,49,769,0,0,3,67,11,0
14:58:34.733 CAN::Logger:404255,50,1025,0,0,8,71,158,0,0,70,0,0,0
14:58:35.224 CAN::Logger:404275,50,1024,0,0,8,1,0,12,0,0,0,0,0
14:58:35.226 CAN::Logger:404275,49,768,0,0,8,3,90,100,90,100,0,100,188
14:58:35.228 CAN::Logger:404275,50,513,0,0,5,18,7,0,0,98
14:58:35.231 CAN::Logger:404275,49,769,0,0,3,181,12,0
14:58:35.236 CAN::Logger:404285,50,515,0,0,8,0,0,0,0,0,0,0,0
14:58:35.239 CAN::Logger:404315,50,518,0,0,8,0,0,0,0,0,0,0,0
14:58:35.244 CAN::Logger:404325,49,768,0,0,8,3,90,100,90,100,0,100,173
14:58:35.249 CAN::Logger:404325,49,769,0,0,3,78,13,0
14:58:35.252 CAN::Logger:404335,50,1026,0,0,8,87,0,0,0,12,154,8,0
14:58:35.257 CAN::Logger:404355,50,1025,0,0,8,75,158,0,0,70,0,0,0
14:58:35.261 CAN::Logger:404375,50,1024,0,0,8,1,0,12,0,0,0,0,0
14:58:35.268 CAN::Logger:404375,49,768,0,0,8,3,90,100,90,100,0,100,190
14:58:35.271 CAN::Logger:404375,49,769,0,0,3,29,14,0
14:58:35.275 CAN::Logger:404375,50,513,0,0,5,18,7,0,0,98
14:58:35.280 CAN::Logger:404385,50,515,0,0,8,0,0,0,0,0,0,0,0
14:58:35.282 CAN::Logger:404415,50,518,0,0,8,0,0,0,0,0,0,0,0
14:58:35.288 CAN::Logger:404425,49,768,0,0,8,3,90,100,90,100,0,100,175
14:58:35.291 CAN::Logger:404425,49,769,0,0,3,232,15,0
14:58:35.296 CAN::Logger:404455,50,1025,0,0,8,75,158,0,0,70,0,0,0
14:58:35.300 CAN::Logger:404475,50,1024,0,0,8,1,0,12,0,0,0,0,0
14:58:35.306 CAN::Logger:404475,49,768,0,0,8,3,90,100,90,100,0,100,48
14:58:35.310 CAN::Logger:404475,49,769,0,0,3,226,0,0
14:58:35.314 CAN::Logger:404475,50,513,0,0,5,18,7,0,0,98
14:58:35.317 CAN::Logger:404485,50,515,0,0,8,0,0,0,0,0,0,0,0
14:58:35.300 CAN::Logger:404515,50,518,0,0,8,0,0,0,0,0,0,0,0
14:58:35.327 CAN::Logger:404525,49,768,0,0,8,3,90,100,90,100,0,100,33
14:58:35.331 CAN::Logger:404525,49,769,0,0,3,179,1,0
14:58:35.336 CAN::Logger:404555,50,1025,0,0,8,75,158,0,0,70,0,0,0
14:58:35.340 CAN::Logger:404575,50,1024,0,0,8,1,0,12,0,0,0,0,0
14:58:35.344 CAN::Logger:404575,49,768,0,0,8,3,90,100,90,100,0,100,50
14:58:35.349 CAN::Logger:404575,49,769,0,0,3,107,2,0
14:58:35.353 CAN::Logger:404575,50,513,0,0,5,224,6,0,0,98
14:58:35.356 CAN::Logger:404585,50,515,0,0,8,0,0,0,0,0,0,0,0
14:58:35.361 CAN::Logger:404595,50,516,0,0,8,0,0,0,0,0,0,0,0
14:58:35.365 CAN::Logger:404615,50,518,0,0,8,0,0,0,0,0,0,0,0
14:58:35.369 CAN::Logger:404615,50,514,0,0,8,226,20,0,0,228,125,5,0
14:58:35.374 CAN::Logger:404625,50,1638,0,0,8,82,8,5,0,82,149,54,2
14:58:35.379 CAN::Logger:404625,49,768,0,0,8,3,90,100,90,100,0,100,35
14:58:35.383 CAN::Logger:404625,49,769,0,0,3,150,3,0
14:58:35.387 CAN::Logger:404635,50,1637,0,0,8,0,0,0,83,76,24,83,0
14:58:35.392 CAN::Logger:404645,50,512,0,0,8,87,0,236,156,8,0,2,0
14:58:35.398 CAN::Logger:404655,50,1025,0,0,8,77,158,0,0,70,0,0,0
14:58:35.401 CAN::Logger:404675,50,1024,0,0,8,1,0,12,0,0,0,0,0
14:58:35.406 CAN::Logger:404675,49,768,0,0,8,3,90,100,90,100,0,100,52
14:58:35.410 CAN::Logger:404675,49,769,0,0,3,3,4,0
14:58:35.414 CAN::Logger:404675,50,513,0,0,5,224,6,0,0,98
14:58:35.418 CAN::Logger:404685,50,515,0,0,8,0,0,0,0,0,0,0,0
14:58:35.422 CAN::Logger:404715,50,518,0,0,8,0,0,0,0,0,0,0,0
14:58:35.427 CAN::Logger:404725,49,768,0,0,8,3,90,100,90,100,0,100,37
14:58:35.432 CAN::Logger:404725,49,769,0,0,3,84,5,0
14:58:35.436 CAN::Logger:404755,50,1025,0,0,8,77,158,0,0,70,0,0,0
14:58:35.441 CAN::Logger:404775,50,1024,0,0,8,1,0,12,0,0,0,0,0
14:58:35.446 CAN::Logger:404775,49,768,0,0,8,3,90,100,90,100,0,100,54
14:58:35.449 CAN::Logger:404775,49,769,0,0,3,245,6,0
14:58:35.453 CAN::Logger:404775,50,513,0,0,5,224,6,0,0,98
14:58:35.456 CAN::Logger:404785,50,515,0,0,8,0,0,0,0,0,0,0,0
14:58:35.461 CAN::Logger:404815,50,518,0,0,8,0,0,0,0,0,0,0,0
14:58:35.467 CAN::Logger:404825,49,768,0,0,8,3,90,100,90,100,0,100,39
14:58:35.470 CAN::Logger:404825,49,769,0,0,3,184,7,0
14:58:35.474 CAN::Logger:404835,50,1027,0,0,8,100,0,0,0,64,227,9,0
14:58:35.479 CAN::Logger:404855,50,1025,0,0,8,79,158,0,0,70,0,0,0
14:58:35.484 CAN::Logger:404875,50,1024,0,0,8,1,0,12,0,0,0,0,0
14:58:35.489 CAN::Logger:404875,49,768,0,0,8,3,90,100,90,100,0,100,184
14:58:35.492 CAN::Logger:404875,49,769,0,0,3,128,8,0
14:58:35.497 CAN::Logger:404875,50,513,0,0,5,224,6,0,0,98
14:58:35.500 CAN::Logger:404885,50,515,0,0,8,0,0,0,0,0,0,0,0
14:58:35.504 CAN::Logger:404915,50,518,0,0,8,0,0,0,0,0,0,0,0
14:58:35.510 CAN::Logger:404925,49,768,0,0,8,3,90,100,90,100,0,100,169
14:58:35.514 CAN::Logger:404925,49,769,0,0,3,136,9,0
14:58:35.518 CAN::Logger:404955,50,1025,0,0,8,79,158,0,0,70,0,0,0
14:58:35.522 CAN::Logger:404975,50,1024,0,0,8,1,0,12,0,0,0,0,0
14:58:35.527 CAN::Logger:404975,49,768,0,0,8,3,90,100,90,100,0,100,186
14:58:35.532 CAN::Logger:404975,50,513,0,0,5,224,6,0,0,98
14:58:35.536 CAN::Logger:404975,49,769,0,0,3,198,10,0
14:58:35.539 CAN::Logger:404985,50,515,0,0,8,0,0,0,0,0,0,0,0
14:58:35.543 CAN::Logger:405015,50,518,0,0,8,0,0,0,0,0,0,0,0
14:58:35.549 CAN::Logger:405025,49,768,0,0,8,3,90,100,90,100,0,100,171
14:58:35.552 CAN::Logger:405025,49,769,0,0,3,67,11,0
14:58:35.557 CAN::Logger:405055,50,1025,0,0,8,79,158,0,0,70,0,0,0
14:58:35.955 D (405805) DiagnosticsService: Memory free: IRAM: 190972, DRAM: 190972[0m
14:58:36.054 CAN::Logger:405075,50,1024,0,0,8,1,0,12,0,0,0,0,0
14:58:36.056 CAN::Logger:405075,49,768,0,0,8,3,90,100,90,100,0,100,188
14:58:36.057 CAN::Logger:405075,50,513,0,0,5,174,6,0,0,98
14:58:36.062 CAN::Logger:405075,49,769,0,0,3,181,12,0
14:58:36.065 CAN::Logger:405085,50,515,0,0,8,0,0,0,0,0,0,0,0
14:58:36.069 CAN::Logger:405115,50,518,0,0,8,0,0,0,0,0,0,0,0
14:58:36.074 CAN::Logger:405125,49,768,0,0,8,3,90,100,90,100,0,100,173
14:58:36.079 CAN::Logger:405125,49,769,0,0,3,78,13,0
14:58:36.082 CAN::Logger:405155,50,1025,0,0,8,83,158,0,0,70,0,0,0
14:58:36.087 CAN::Logger:405175,50,1024,0,0,8,1,0,12,0,0,0,0,0
14:58:36.092 CAN::Logger:405175,49,768,0,0,8,3,90,100,90,100,0,100,190
14:58:36.096 CAN::Logger:405175,50,513,0,0,5,174,6,0,0,98
14:58:36.099 CAN::Logger:405175,49,769,0,0,3,29,14,0
14:58:36.104 CAN::Logger:405185,50,515,0,0,8,0,0,0,0,0,0,0,0
14:58:36.108 CAN::Logger:405215,50,518,0,0,8,0,0,0,0,0,0,0,0
14:58:36.113 CAN::Logger:405225,49,768,0,0,8,3,90,100,90,100,0,100,175
14:58:36.117 CAN::Logger:405225,49,769,0,0,3,232,15,0
14:58:36.121 CAN::Logger:405255,50,1025,0,0,8,83,158,0,0,70,0,0,0
14:58:36.126 CAN::Logger:405275,50,1024,0,0,8,1,0,12,0,0,0,0,0
14:58:36.130 CAN::Logger:405275,50,513,0,0,5,174,6,0,0,98
14:58:36.135 CAN::Logger:405275,49,768,0,0,8,3,90,100,90,100,0,100,48
14:58:36.138 CAN::Logger:405275,49,769,0,0,3,226,0,0
14:58:36.143 CAN::Logger:405285,50,515,0,0,8,0,0,0,0,0,0,0,0
14:58:36.147 CAN::Logger:405315,50,518,0,0,8,0,0,0,0,0,0,0,0
14:58:36.152 CAN::Logger:405325,49,768,0,0,8,3,90,100,90,100,0,100,33
14:58:36.155 CAN::Logger:405325,49,769,0,0,3,179,1,0
14:58:36.160 CAN::Logger:405335,50,1026,0,0,8,87,0,0,0,12,154,8,0
14:58:36.165 CAN::Logger:405355,50,1025,0,0,8,83,158,0,0,70,0,0,0
14:58:36.169 CAN::Logger:405375,50,1024,0,0,8,1,0,12,0,0,0,0,0
14:58:36.174 CAN::Logger:405375,49,768,0,0,8,3,90,100,90,100,0,100,50
14:58:36.178 CAN::Logger:405375,50,513,0,0,5,174,6,0,0,98
14:58:36.182 CAN::Logger:405375,49,769,0,0,3,107,2,0
14:58:36.186 CAN::Logger:405385,50,515,0,0,8,0,0,0,0,0,0,0,0
14:58:36.191 CAN::Logger:405415,50,518,0,0,8,0,0,0,0,0,0,0,0
14:58:36.195 CAN::Logger:405425,49,768,0,0,8,3,90,100,90,100,0,100,35
14:58:36.199 CAN::Logger:405425,49,769,0,0,3,150,3,0
14:58:36.204 CAN::Logger:405455,50,1025,0,0,8,83,158,0,0,70,0,0,0
14:58:36.208 CAN::Logger:405475,50,1024,0,0,8,1,0,12,0,0,0,0,0
14:58:36.213 CAN::Logger:405475,49,768,0,0,8,3,90,100,90,100,0,100,52
14:58:36.217 CAN::Logger:405475,50,513,0,0,5,114,6,0,0,98
14:58:36.221 CAN::Logger:405475,49,769,0,0,3,3,4,0
14:58:36.225 CAN::Logger:405485,50,515,0,0,8,0,0,0,0,0,0,0,0
14:58:36.229 CAN::Logger:405515,50,518,0,0,8,0,0,0,0,0,0,0,0
14:58:36.234 CAN::Logger:405525,49,768,0,0,8,3,90,100,90,100,0,100,37
14:58:36.238 CAN::Logger:405525,49,769,0,0,3,84,5,0
14:58:36.242 CAN::Logger:405555,50,1025,0,0,8,83,158,0,0,70,0,0,0
14:58:36.247 CAN::Logger:405575,50,1024,0,0,8,1,0,12,0,0,0,0,0
14:58:36.251 CAN::Logger:405575,50,513,0,0,5,114,6,0,0,98
14:58:36.256 CAN::Logger:405575,49,768,0,0,8,3,90,100,90,100,0,100,54
14:58:36.259 CAN::Logger:405575,49,769,0,0,3,245,6,0
14:58:36.263 CAN::Logger:405585,50,515,0,0,8,0,0,0,0,0,0,0,0
14:58:36.268 CAN::Logger:405595,50,516,0,0,8,0,0,0,0,0,0,0,0
14:58:36.272 CAN::Logger:405615,50,518,0,0,8,0,0,0,0,0,0,0,0
14:58:36.277 CAN::Logger:405615,50,514,0,0,8,226,20,0,0,232,125,5,0
14:58:36.282 CAN::Logger:405625,49,768,0,0,8,3,90,100,90,100,0,100,39
14:58:36.286 CAN::Logger:405625,49,769,0,0,3,184,7,0
14:58:36.291 CAN::Logger:405655,50,1025,0,0,8,85,158,0,0,70,0,0,0
14:58:36.295 CAN::Logger:405675,50,1024,0,0,8,1,0,12,0,0,0,0,0
14:58:36.300 CAN::Logger:405675,49,768,0,0,8,3,90,100,90,100,0,100,184
14:58:36.304 CAN::Logger:405675,50,513,0,0,5,114,6,0,0,98
14:58:36.307 CAN::Logger:405675,49,769,0,0,3,128,8,0
14:58:36.313 CAN::Logger:405685,50,515,0,0,8,0,0,0,0,0,0,0,0
14:58:36.316 CAN::Logger:405715,50,518,0,0,8,0,0,0,0,0,0,0,0
14:58:36.321 CAN::Logger:405725,49,768,0,0,8,3,90,100,90,100,0,100,169
14:58:36.325 CAN::Logger:405725,49,769,0,0,3,136,9,0
14:58:36.329 CAN::Logger:405755,50,1025,0,0,8,85,158,0,0,70,0,0,0
14:58:36.334 CAN::Logger:405775,50,1024,0,0,8,1,0,12,0,0,0,0,0
14:58:36.339 CAN::Logger:405775,49,768,0,0,8,3,90,100,90,100,0,100,186
14:58:36.342 CAN::Logger:405775,49,769,0,0,3,198,10,0
14:58:36.347 CAN::Logger:405775,50,513,0,0,5,114,6,0,0,98
14:58:36.351 CAN::Logger:405785,50,515,0,0,8,0,0,0,0,0,0,0,0
14:58:36.355 CAN::Logger:405815,50,518,0,0,8,0,0,0,0,0,0,0,0
14:58:36.360 CAN::Logger:405825,49,768,0,0,8,3,90,100,90,100,0,100,171
14:58:36.364 CAN::Logger:405825,49,769,0,0,3,67,11,0
14:58:36.368 CAN::Logger:405835,50,1027,0,0,8,100,0,0,0,64,227,9,0
14:58:36.373 CAN::Logger:405855,50,1025,0,0,8,87,158,0,0,70,0,0,0
14:58:36.378 CAN::Logger:405875,50,1024,0,0,8,1,0,12,0,0,0,0,0
14:58:36.383 CAN::Logger:405875,49,768,0,0,8,3,90,100,90,100,0,100,188
14:58:36.386 CAN::Logger:405875,49,769,0,0,3,181,12,0
14:58:36.390 CAN::Logger:405875,50,513,0,0,5,114,6,0,0,98
14:58:36.395 CAN::Logger:405885,50,515,0,0,8,0,0,0,0,0,0,0,0
14:58:36.895 CAN::Logger:405915,50,518,0,0,8,0,0,0,0,0,0,0,0
14:58:36.895 CAN::Logger:405925,49,768,0,0,8,3,90,100,90,100,0,100,173
14:58:36.896 CAN::Logger:405925,49,769,0,0,3,78,13,0
14:58:36.902 CAN::Logger:405955,50,1025,0,0,8,87,158,0,0,70,0,0,0
14:58:36.906 CAN::Logger:405975,49,768,0,0,8,3,90,100,90,100,0,100,190
14:58:36.910 CAN::Logger:405975,50,1024,0,0,8,1,0,12,0,0,0,0,0
14:58:36.915 CAN::Logger:405975,49,769,0,0,3,29,14,0
14:58:36.918 CAN::Logger:405975,50,513,0,0,5,54,6,0,0,98
14:58:36.922 CAN::Logger:405985,50,515,0,0,8,0,0,0,0,0,0,0,0
14:58:36.926 CAN::Logger:406015,50,518,0,0,8,0,0,0,0,0,0,0,0
14:58:36.932 CAN::Logger:406025,49,768,0,0,8,3,90,100,90,100,0,100,175
14:58:36.936 CAN::Logger:406025,49,769,0,0,3,232,15,0
14:58:36.940 CAN::Logger:406055,50,1025,0,0,8,87,158,0,0,70,0,0,0
14:58:36.945 CAN::Logger:406075,49,768,0,0,8,3,90,100,90,100,0,100,48
14:58:36.948 CAN::Logger:406075,49,769,0,0,3,226,0,0
14:58:36.953 CAN::Logger:406075,50,1024,0,0,8,1,0,12,0,0,0,0,0
14:58:36.957 CAN::Logger:406075,50,513,0,0,5,54,6,0,0,98
14:58:36.961 CAN::Logger:406085,50,515,0,0,8,0,0,0,0,0,0,0,0
14:58:36.965 CAN::Logger:406115,50,518,0,0,8,0,0,0,0,0,0,0,0
14:58:36.971 CAN::Logger:406125,49,768,0,0,8,3,90,100,90,100,0,100,33
14:58:36.975 CAN::Logger:406125,49,769,0,0,3,179,1,0
14:58:36.980 CAN::Logger:406155,50,1025,0,0,8,91,158,0,0,70,0,0,0
14:58:36.984 CAN::Logger:406175,49,768,0,0,8,3,90,100,90,100,0,100,50
14:58:36.988 CAN::Logger:406175,49,769,0,0,3,107,2,0
14:58:36.992 CAN::Logger:406175,50,513,0,0,5,54,6,0,0,98
14:58:36.996 CAN::Logger:406175,50,1024,0,0,8,1,0,12,0,0,0,0,0
14:58:37.000 CAN::Logger:406185,50,515,0,0,8,0,0,0,0,0,0,0,0
14:58:37.004 CAN::Logger:406215,50,518,0,0,8,0,0,0,0,0,0,0,0
14:58:37.009 CAN::Logger:406225,49,768,0,0,8,3,90,100,90,100,0,100,35
14:58:37.013 CAN::Logger:406225,49,769,0,0,3,150,3,0
14:58:37.017 CAN::Logger:406255,50,1025,0,0,8,91,158,0,0,70,0,0,0
14:58:37.022 CAN::Logger:406275,50,513,0,0,5,54,6,0,0,98
14:58:37.026 CAN::Logger:406275,50,1024,0,0,8,1,0,12,0,0,0,0,0
14:58:37.031 CAN::Logger:406275,49,768,0,0,8,3,90,100,90,100,0,100,52
14:58:37.034 CAN::Logger:406275,49,769,0,0,3,3,4,0
14:58:37.039 CAN::Logger:406285,50,515,0,0,8,0,0,0,0,0,0,0,0
14:58:37.043 CAN::Logger:406315,50,518,0,0,8,0,0,0,0,0,0,0,0
14:58:37.049 CAN::Logger:406325,49,768,0,0,8,3,90,100,90,100,0,100,37
14:58:37.052 CAN::Logger:406325,49,769,0,0,3,84,5,0
14:58:37.057 CAN::Logger:406335,50,1026,0,0,8,87,0,0,0,12,154,8,0
14:58:37.061 CAN::Logger:406355,50,1025,0,0,8,91,158,0,0,70,0,0,0
14:58:37.065 CAN::Logger:406375,49,768,0,0,8,3,90,100,90,100,0,100,54
14:58:37.069 CAN::Logger:406375,49,769,0,0,3,245,6,0
14:58:37.074 CAN::Logger:406375,50,513,0,0,5,54,6,0,0,98
14:58:37.077 CAN::Logger:406375,50,1024,0,0,8,1,0,12,0,0,0,0,0
14:58:37.082 CAN::Logger:406385,50,515,0,0,8,0,0,0,0,0,0,0,0
14:58:37.086 CAN::Logger:406415,50,518,0,0,8,0,0,0,0,0,0,0,0
14:58:37.091 CAN::Logger:406425,49,768,0,0,8,3,90,100,90,100,0,100,39
14:58:37.094 CAN::Logger:406425,49,769,0,0,3,184,7,0
14:58:37.099 CAN::Logger:406455,50,1025,0,0,8,91,158,0,0,70,0,0,0
14:58:37.104 CAN::Logger:406475,49,768,0,0,8,3,90,100,90,100,0,100,184
14:58:37.108 CAN::Logger:406475,49,769,0,0,3,128,8,0
14:58:37.112 CAN::Logger:406475,50,513,0,0,5,250,5,0,0,98
14:58:37.116 CAN::Logger:406475,50,1024,0,0,8,1,0,12,0,0,0,0,0
14:58:37.120 CAN::Logger:406485,50,515,0,0,8,0,0,0,0,0,0,0,0
14:58:37.125 CAN::Logger:406515,50,518,0,0,8,0,0,0,0,0,0,0,0
14:58:37.130 CAN::Logger:406525,49,768,0,0,8,3,90,100,90,100,0,100,169
14:58:37.133 CAN::Logger:406525,49,769,0,0,3,136,9,0
14:58:37.138 CAN::Logger:406555,50,1025,0,0,8,91,158,0,0,70,0,0,0
14:58:37.144 CAN::Logger:406575,49,768,0,0,8,3,90,100,90,100,0,100,186
14:58:37.148 CAN::Logger:406575,49,769,0,0,3,198,10,0
14:58:37.152 CAN::Logger:406575,50,513,0,0,5,250,5,0,0,98
14:58:37.156 CAN::Logger:406575,50,1024,0,0,8,1,0,12,0,0,0,0,0
14:58:37.161 CAN::Logger:406585,50,515,0,0,8,0,0,0,0,0,0,0,0
14:58:37.164 CAN::Logger:406595,50,516,0,0,8,0,0,0,0,0,0,0,0
14:58:37.168 CAN::Logger:406615,50,518,0,0,8,0,0,0,0,0,0,0,0
14:58:37.174 CAN::Logger:406615,50,514,0,0,8,226,20,0,0,237,125,5,0
14:58:37.178 CAN::Logger:406625,49,768,0,0,8,3,90,100,90,100,0,100,171
14:58:37.182 CAN::Logger:406625,49,769,0,0,3,67,11,0
14:58:37.186 CAN::Logger:406655,50,1025,0,0,8,93,158,0,0,70,0,0,0
14:58:37.192 CAN::Logger:406675,49,768,0,0,8,3,90,100,90,100,0,100,188
14:58:37.195 CAN::Logger:406675,49,769,0,0,3,181,12,0
14:58:37.199 CAN::Logger:406675,50,513,0,0,5,250,5,0,0,98
14:58:37.203 CAN::Logger:406675,50,1024,0,0,8,1,0,12,0,0,0,0,0
14:58:37.208 CAN::Logger:406685,50,515,0,0,8,0,0,0,0,0,0,0,0
14:58:37.213 CAN::Logger:406715,50,518,0,0,8,0,0,0,0,0,0,0,0
14:58:37.217 CAN::Logger:406725,49,768,0,0,8,3,90,100,90,100,0,100,173
14:58:37.221 CAN::Logger:406725,49,769,0,0,3,78,13,0
14:58:37.715 CAN::Logger:406755,50,1025,0,0,8,93,158,0,0,70,0,0,0
14:58:37.715 CAN::Logger:406775,49,768,0,0,8,3,90,100,90,100,0,100,190
14:58:37.717 CAN::Logger:406775,49,769,0,0,3,29,14,0
14:58:37.721 CAN::Logger:406775,50,513,0,0,5,250,5,0,0,98
14:58:37.725 CAN::Logger:406775,50,1024,0,0,8,1,0,12,0,0,0,0,0
14:58:37.729 CAN::Logger:406785,50,515,0,0,8,0,0,0,0,0,0,0,0
14:58:37.734 CAN::Logger:406815,50,518,0,0,8,0,0,0,0,0,0,0,0
14:58:37.739 CAN::Logger:406825,49,768,0,0,8,3,90,100,90,100,0,100,175
14:58:37.743 CAN::Logger:406825,49,769,0,0,3,232,15,0
14:58:37.747 CAN::Logger:406835,50,1027,0,0,8,100,0,0,0,64,227,9,0
14:58:37.752 CAN::Logger:406855,50,1025,0,0,8,95,158,0,0,70,0,0,0
14:58:37.757 CAN::Logger:406875,49,768,0,0,8,3,90,100,90,100,0,100,48
14:58:37.760 CAN::Logger:406875,49,769,0,0,3,226,0,0
14:58:37.764 CAN::Logger:406875,50,513,0,0,5,250,5,0,0,98
14:58:37.769 CAN::Logger:406875,50,1024,0,0,8,1,0,12,0,0,0,0,0
14:58:37.773 CAN::Logger:406885,50,515,0,0,8,0,0,0,0,0,0,0,0
14:58:37.777 CAN::Logger:406915,50,518,0,0,8,0,0,0,0,0,0,0,0
14:58:37.782 CAN::Logger:406925,49,768,0,0,8,3,90,100,90,100,0,100,33
14:58:37.787 CAN::Logger:406925,49,769,0,0,3,179,1,0
14:58:37.791 CAN::Logger:406955,50,1025,0,0,8,95,158,0,0,70,0,0,0
14:58:37.796 CAN::Logger:406975,49,768,0,0,8,3,90,100,90,100,0,100,50
14:58:37.799 CAN::Logger:406975,49,769,0,0,3,107,2,0
14:58:37.803 CAN::Logger:406975,50,513,0,0,5,200,5,0,0,98
14:58:37.808 CAN::Logger:406975,50,1024,0,0,8,1,0,12,0,0,0,0,0
14:58:37.812 CAN::Logger:406985,50,515,0,0,8,0,0,0,0,0,0,0,0
14:58:37.816 CAN::Logger:407015,50,518,0,0,8,0,0,0,0,0,0,0,0
14:58:37.821 CAN::Logger:407025,49,768,0,0,8,3,90,100,90,100,0,100,35
14:58:37.825 CAN::Logger:407025,49,769,0,0,3,150,3,0
14:58:37.829 CAN::Logger:407055,50,1025,0,0,8,95,158,0,0,70,0,0,0
14:58:37.834 CAN::Logger:407075,49,768,0,0,8,3,90,100,90,100,0,100,52
14:58:37.838 CAN::Logger:407075,49,769,0,0,3,3,4,0
14:58:37.842 CAN::Logger:407075,50,513,0,0,5,200,5,0,0,98
14:58:37.846 CAN::Logger:407075,50,1024,0,0,8,1,0,12,0,0,0,0,0
14:58:37.850 CAN::Logger:407085,50,515,0,0,8,0,0,0,0,0,0,0,0
14:58:37.855 CAN::Logger:407115,50,518,0,0,8,0,0,0,0,0,0,0,0
14:58:37.860 CAN::Logger:407125,49,768,0,0,8,3,90,100,90,100,0,100,37
14:58:37.863 CAN::Logger:407125,49,769,0,0,3,84,5,0
14:58:37.868 CAN::Logger:407155,50,1025,0,0,8,95,158,0,0,70,0,0,0
14:58:37.873 CAN::Logger:407175,49,768,0,0,8,3,90,100,90,100,0,100,54
14:58:37.877 CAN::Logger:407175,49,769,0,0,3,245,6,0
14:58:37.880 CAN::Logger:407175,50,513,0,0,5,200,5,0,0,98
14:58:37.885 CAN::Logger:407175,50,1024,0,0,8,1,0,12,0,0,0,0,0
14:58:37.889 CAN::Logger:407185,50,515,0,0,8,0,0,0,0,0,0,0,0
14:58:37.893 CAN::Logger:407215,50,518,0,0,8,0,0,0,0,0,0,0,0
14:58:37.898 CAN::Logger:407225,49,768,0,0,8,3,90,100,90,100,0,100,39
14:58:37.902 CAN::Logger:407225,49,769,0,0,3,184,7,0
14:58:37.907 CAN::Logger:407255,50,1025,0,0,8,95,158,0,0,70,0,0,0
14:58:37.910 CAN::Logger:407275,49,1028,0,0,2,74,0
14:58:37.915 CAN::Logger:407275,50,1029,0,0,8,74,0,0,0,6,0,0,0
14:58:37.919 CAN::Logger:407275,50,513,0,0,5,200,5,0,0,98
14:58:37.924 CAN::Logger:407275,49,768,0,0,8,3,90,100,90,100,0,100,184
14:58:37.927 CAN::Logger:407275,49,769,0,0,3,128,8,0
14:58:37.932 CAN::Logger:407275,50,1024,0,0,8,1,0,12,0,0,0,0,0
14:58:37.936 CAN::Logger:407285,50,515,0,0,8,0,0,0,0,0,0,0,0
14:58:37.939 CAN::Logger:407305,49,1028,0,0,2,2,48
14:58:37.944 CAN::Logger:407305,50,1029,0,0,7,2,48,0,0,0,0,0
14:58:37.948 CAN::Logger:407315,50,518,0,0,8,0,0,0,0,0,0,0,0
14:58:37.954 CAN::Logger:407325,49,768,0,0,8,3,90,100,90,100,0,100,169
14:58:37.956 CAN::Logger:407325,49,769,0,0,3,136,9,0
14:58:37.961 CAN::Logger:407335,50,1026,0,0,8,87,0,0,0,12,154,8,0
14:58:37.964 CAN::Logger:407345,49,1028,0,0,2,68,0
14:58:37.969 CAN::Logger:407345,50,1029,0,0,6,68,0,0,0,80,70
14:58:37.973 CAN::Logger:407355,50,1025,0,0,8,97,158,0,0,70,0,0,0
14:58:37.977 CAN::Logger:407365,49,1028,0,0,2,1,0
14:58:37.981 CAN::Logger:407365,50,1029,0,0,8,1,0,0,0,0,4,6,4
14:58:37.986 CAN::Logger:407375,49,768,0,0,8,3,90,100,90,100,0,100,186
14:58:37.990 CAN::Logger:407375,49,769,0,0,3,198,10,0
14:58:37.994 CAN::Logger:407375,50,513,0,0,5,200,5,0,0,98
14:58:37.998 CAN::Logger:407375,50,1024,0,0,8,1,0,12,0,0,0,0,0
14:58:38.003 CAN::Logger:407385,50,515,0,0,8,0,0,0,0,0,0,0,0
14:58:38.007 CAN::Logger:407395,49,1028,0,0,2,163,1
14:58:38.010 CAN::Logger:407395,50,1029,0,0,5,163,1,0,0,6
14:58:38.014 CAN::Logger:407415,50,518,0,0,8,0,0,0,0,0,0,0,0
14:58:38.020 CAN::Logger:407425,49,768,0,0,8,3,90,100,90,100,0,100,171
14:58:38.024 CAN::Logger:407425,49,769,0,0,3,67,11,0
14:58:38.029 CAN::Logger:407425,49,1028,0,0,2,32,0
14:58:38.031 CAN::Logger:407425,50,1029,0,0,8,32,0,0,0,50,51,54,71
14:58:38.036 CAN::Logger:407455,50,1025,0,0,8,97,158,0,0,70,0,0,0
14:58:38.039 CAN::Logger:407465,49,1028,0,0,2,33,0
14:58:38.044 CAN::Logger:407465,50,1029,0,0,8,33,0,0,0,53,76,65,49
14:58:38.049 CAN::Logger:407475,49,768,0,0,8,3,90,100,90,100,0,100,188
14:58:38.053 CAN::Logger:407475,49,769,0,0,3,181,12,0
14:58:38.057 CAN::Logger:407475,50,513,0,0,5,200,5,0,0,98
14:58:38.061 CAN::Logger:407475,50,1024,0,0,8,1,0,12,0,0,0,0,0
14:58:38.065 CAN::Logger:407485,50,515,0,0,8,0,0,0,0,0,0,0,0
14:58:38.069 CAN::Logger:407495,49,1028,0,0,2,34,0
14:58:38.074 CAN::Logger:407495,50,1029,0,0,8,34,0,0,0,48,48,52,82
14:58:38.078 CAN::Logger:407515,50,518,0,0,8,0,0,0,0,0,0,0,0
14:58:38.081 CAN::Logger:407525,49,1028,0,0,2,35,0
14:58:38.086 CAN::Logger:407525,50,1029,0,0,8,35,0,0,0,77,48,48,48
14:58:38.091 CAN::Logger:407525,49,768,0,0,8,3,90,100,90,100,0,100,173
14:58:38.095 CAN::Logger:407525,49,769,0,0,3,78,13,0
14:58:38.098 CAN::Logger:407555,49,1028,0,0,2,36,0
14:58:38.103 CAN::Logger:407555,50,1029,0,0,8,36,0,0,0,48,48,48,48
14:58:38.107 CAN::Logger:407555,50,1025,0,0,8,97,158,0,0,70,0,0,0
14:58:38.604 CAN::Logger:407575,49,768,0,0,8,3,90,100,90,100,0,100,190
14:58:38.605 CAN::Logger:407575,49,769,0,0,3,29,14,0
14:58:38.606 CAN::Logger:407575,50,513,0,0,5,140,5,0,0,98
14:58:38.610 CAN::Logger:407575,50,1024,0,0,8,1,0,12,0,0,0,0,0
14:58:38.614 CAN::Logger:407585,49,1028,0,0,2,37,0
14:58:38.619 CAN::Logger:407585,50,1029,0,0,8,37,0,0,0,48,48,48,48
14:58:38.623 CAN::Logger:407585,50,515,0,0,8,0,0,0,0,0,0,0,0
14:58:38.627 CAN::Logger:407595,50,516,0,0,8,0,0,0,0,0,0,0,0
14:58:38.631 CAN::Logger:407615,50,518,0,0,8,0,0,0,0,0,0,0,0
14:58:38.636 CAN::Logger:407615,50,514,0,0,8,226,21,0,0,241,125,5,0
14:58:38.641 CAN::Logger:407615,49,1028,0,0,2,38,0
14:58:38.645 CAN::Logger:407615,50,1029,0,0,8,38,0,0,0,48,48,48,48
14:58:38.649 CAN::Logger:407625,50,1638,0,0,8,82,8,5,0,82,149,54,2
14:58:38.654 CAN::Logger:407625,49,768,0,0,8,3,90,100,90,100,0,100,175
14:58:38.658 CAN::Logger:407625,49,769,0,0,3,232,15,0
14:58:38.663 CAN::Logger:407635,50,1637,0,0,8,0,0,0,83,76,24,83,0
14:58:38.668 CAN::Logger:407645,50,512,0,0,8,87,0,168,156,8,0,0,0
14:58:38.672 CAN::Logger:407655,49,1028,0,0,2,39,0
14:58:38.676 CAN::Logger:407655,50,1029,0,0,6,39,0,0,0,48,48
14:58:38.681 CAN::Logger:407655,50,1025,0,0,8,99,158,0,0,70,0,0,0
14:58:38.685 CAN::Logger:407675,49,768,0,0,8,3,90,100,90,100,0,100,48
14:58:38.688 CAN::Logger:407675,49,769,0,0,3,226,0,0
14:58:38.692 CAN::Logger:407675,50,513,0,0,5,140,5,0,0,98
14:58:38.697 CAN::Logger:407675,50,1024,0,0,8,1,0,12,0,0,0,0,0
14:58:38.700 CAN::Logger:407675,49,1028,0,0,2,76,0
14:58:38.705 CAN::Logger:407675,50,1029,0,0,8,76,0,0,0,1,36,0,0
14:58:38.709 CAN::Logger:407685,50,515,0,0,8,0,0,0,0,0,0,0,0
14:58:38.712 CAN::Logger:407715,49,1028,0,0,2,70,0
14:58:38.716 CAN::Logger:407715,50,1029,0,0,5,70,0,0,0,0
14:58:38.721 CAN::Logger:407715,50,518,0,0,8,0,0,0,0,0,0,0,0
14:58:38.726 CAN::Logger:407725,49,768,0,0,8,3,90,100,90,100,0,100,33
14:58:38.729 CAN::Logger:407725,49,769,0,0,3,179,1,0
14:58:38.732 CAN::Logger:407745,49,1028,0,0,2,77,0
14:58:38.737 CAN::Logger:407745,50,1029,0,0,8,77,0,0,0,0,0,0,0
14:58:38.741 CAN::Logger:407755,50,1025,0,0,8,99,158,0,0,70,0,0,0
14:58:38.745 CAN::Logger:407775,49,1028,0,0,2,80,0
14:58:38.749 CAN::Logger:407775,50,1029,0,0,8,80,0,0,0,128,0,126,0
14:58:38.754 CAN::Logger:407775,50,513,0,0,5,140,5,0,0,98
14:58:38.759 CAN::Logger:407775,49,768,0,0,8,3,90,100,90,100,0,100,50
14:58:38.762 CAN::Logger:407775,49,769,0,0,3,107,2,0
14:58:38.767 CAN::Logger:407775,50,1024,0,0,8,1,0,12,0,0,0,0,0
14:58:38.771 CAN::Logger:407785,50,515,0,0,8,0,0,0,0,0,0,0,0
14:58:38.774 CAN::Logger:407805,49,1028,0,0,2,2,0
14:58:38.779 CAN::Logger:407815,50,1029,0,0,8,2,0,0,0,83,73,67,84
14:58:38.783 CAN::Logger:407815,50,518,0,0,8,0,0,0,0,0,0,0,0
14:58:38.788 CAN::Logger:407825,49,768,0,0,8,3,90,100,90,100,0,100,35
14:58:38.792 CAN::Logger:407825,49,769,0,0,3,150,3,0
14:58:38.795 CAN::Logger:407835,49,1028,0,0,2,10,0
14:58:38.800 CAN::Logger:407835,50,1029,0,0,8,10,0,0,0,48,58,0,0
14:58:38.804 CAN::Logger:407835,50,1027,0,0,8,100,0,0,0,64,227,9,0
14:58:38.809 CAN::Logger:407855,50,1025,0,0,8,101,158,0,0,70,0,0,0
14:58:38.812 CAN::Logger:407865,49,1028,0,0,2,4,0
14:58:38.818 CAN::Logger:407865,50,1029,0,0,7,4,0,0,0,22,9,2
14:58:38.822 CAN::Logger:407875,49,768,0,0,8,3,90,100,90,100,0,100,52
14:58:38.826 CAN::Logger:407875,49,769,0,0,3,3,4,0
14:58:38.830 CAN::Logger:407875,50,513,0,0,5,140,5,0,0,98
14:58:38.834 CAN::Logger:407875,50,1024,0,0,8,1,0,12,0,0,0,0,0
14:58:38.839 CAN::Logger:407885,50,515,0,0,8,0,0,0,0,0,0,0,0
14:58:38.841 CAN::Logger:407895,49,1028,0,0,2,176,1
14:58:38.845 CAN::Logger:407895,50,1029,0,0,6,176,1,0,0,0,0
14:58:38.850 CAN::Logger:407915,50,518,0,0,8,0,0,0,0,0,0,0,0
14:58:38.855 CAN::Logger:407925,49,768,0,0,8,3,90,100,90,100,0,100,37
14:58:38.858 CAN::Logger:407925,49,769,0,0,3,84,5,0
14:58:38.862 CAN::Logger:407925,49,1028,0,0,2,177,1
14:58:38.866 CAN::Logger:407925,50,1029,0,0,6,177,1,0,0,0,0
14:58:38.871 CAN::Logger:407955,50,1025,0,0,8,101,158,0,0,70,0,0,0
14:58:38.876 CAN::Logger:407975,49,768,0,0,8,3,90,100,90,100,0,100,54
14:58:38.879 CAN::Logger:407975,49,769,0,0,3,245,6,0
14:58:38.883 CAN::Logger:407975,50,513,0,0,5,140,5,0,0,98
14:58:38.888 CAN::Logger:407975,50,1024,0,0,8,1,0,12,0,0,0,0,0
14:58:38.892 CAN::Logger:407985,50,515,0,0,8,0,0,0,0,0,0,0,0
14:58:38.896 CAN::Logger:408015,50,518,0,0,8,0,0,0,0,0,0,0,0
14:58:38.901 CAN::Logger:408025,49,768,0,0,8,3,90,100,90,100,0,100,39
14:58:38.905 CAN::Logger:408025,49,769,0,0,3,184,7,0
14:58:38.909 CAN::Logger:408055,50,1025,0,0,8,101,158,0,0,70,0,0,0
14:58:38.915 CAN::Logger:408075,49,768,0,0,8,3,90,100,90,100,0,100,184
14:58:38.918 CAN::Logger:408075,49,769,0,0,3,128,8,0
14:58:38.922 CAN::Logger:408075,50,513,0,0,5,140,5,0,0,98
14:58:38.927 CAN::Logger:408075,50,1024,0,0,8,1,0,12,0,0,0,0,0
14:58:38.931 CAN::Logger:408085,50,515,0,0,8,0,0,0,0,0,0,0,0
14:58:38.935 CAN::Logger:408115,50,518,0,0,8,0,0,0,0,0,0,0,0
14:58:38.940 CAN::Logger:408125,49,768,0,0,8,3,90,100,90,100,0,100,169
14:58:38.944 CAN::Logger:408125,49,769,0,0,3,136,9,0
14:58:38.949 CAN::Logger:408155,50,1025,0,0,8,103,158,0,0,70,0,0,0
14:58:38.954 CAN::Logger:408175,49,768,0,0,8,3,90,100,90,100,0,100,186
14:58:38.958 CAN::Logger:408175,49,769,0,0,3,198,10,0
14:58:38.961 CAN::Logger:408175,50,513,0,0,5,70,5,0,0,98
14:58:38.966 CAN::Logger:408175,50,1024,0,0,8,1,0,12,0,0,0,0,0
14:58:38.970 CAN::Logger:408185,50,515,0,0,8,0,0,0,0,0,0,0,0
14:58:38.974 CAN::Logger:408215,50,518,0,0,8,0,0,0,0,0,0,0,0
14:58:38.979 CAN::Logger:408225,49,768,0,0,8,3,90,100,90,100,0,100,171
14:58:38.983 CAN::Logger:408225,49,769,0,0,3,67,11,0
14:58:38.988 CAN::Logger:408255,50,1025,0,0,8,103,158,0,0,70,0,0,0
14:58:38.993 CAN::Logger:408275,49,768,0,0,8,3,90,100,90,100,0,100,188
14:58:38.996 CAN::Logger:408275,49,769,0,0,3,181,12,0
14:58:39.000 CAN::Logger:408275,50,513,0,0,5,70,5,0,0,98
14:58:39.005 CAN::Logger:408275,50,1024,0,0,8,1,0,12,0,0,0,0,0
14:58:39.009 CAN::Logger:408285,50,515,0,0,8,0,0,0,0,0,0,0,0
14:58:39.013 CAN::Logger:408315,50,518,0,0,8,0,0,0,0,0,0,0,0
14:58:39.018 CAN::Logger:408325,49,768,0,0,8,3,90,100,90,100,0,100,173
14:58:39.022 CAN::Logger:408325,49,769,0,0,3,78,13,0
14:58:39.027 CAN::Logger:408345,50,1026,0,0,8,87,0,0,0,12,154,8,0
14:58:39.031 CAN::Logger:408365,50,1025,0,0,8,103,158,0,0,70,0,0,0
14:58:39.036 CAN::Logger:408375,49,768,0,0,8,3,90,100,90,100,0,100,190
14:58:39.040 CAN::Logger:408375,49,769,0,0,3,29,14,0
14:58:39.044 CAN::Logger:408375,50,513,0,0,5,70,5,0,0,98
14:58:39.049 CAN::Logger:408385,50,1024,0,0,8,1,0,12,0,0,0,0,0
14:58:39.053 CAN::Logger:408385,50,515,0,0,8,0,0,0,0,0,0,0,0
14:58:39.057 CAN::Logger:408415,50,518,0,0,8,0,0,0,0,0,0,0,0
14:58:39.062 CAN::Logger:408425,49,768,0,0,8,3,90,100,90,100,0,100,175
14:58:39.067 CAN::Logger:408425,49,769,0,0,3,232,15,0
14:58:39.565 CAN::Logger:408465,50,1025,0,0,8,103,158,0,0,70,0,0,0
14:58:39.566 CAN::Logger:408475,49,768,0,0,8,3,90,100,90,100,0,100,48
14:58:39.567 CAN::Logger:408475,49,769,0,0,3,226,0,0
14:58:39.570 CAN::Logger:408475,50,513,0,0,5,70,5,0,0,98
14:58:39.576 CAN::Logger:408485,50,1024,0,0,8,1,0,12,0,0,0,0,0
14:58:39.580 CAN::Logger:408485,50,515,0,0,8,0,0,0,0,0,0,0,0
14:58:39.584 CAN::Logger:408515,50,518,0,0,8,0,0,0,0,0,0,0,0
14:58:39.589 CAN::Logger:408525,49,768,0,0,8,3,90,100,90,100,0,100,33
14:58:39.593 CAN::Logger:408525,49,769,0,0,3,179,1,0
14:58:39.597 CAN::Logger:408565,50,1025,0,0,8,103,158,0,0,70,0,0,0
14:58:39.602 CAN::Logger:408575,49,768,0,0,8,3,90,100,90,100,0,100,50
14:58:39.605 CAN::Logger:408575,49,769,0,0,3,107,2,0
14:58:39.609 CAN::Logger:408575,50,513,0,0,5,70,5,0,0,98
14:58:39.614 CAN::Logger:408585,50,1024,0,0,8,1,0,12,0,0,0,0,0
14:58:39.618 CAN::Logger:408585,50,515,0,0,8,0,0,0,0,0,0,0,0
14:58:39.622 CAN::Logger:408605,50,516,0,0,8,0,0,0,0,0,0,0,0
14:58:39.626 CAN::Logger:408615,50,518,0,0,8,0,0,0,0,0,0,0,0
14:58:39.632 CAN::Logger:408615,50,514,0,0,8,226,20,0,0,243,125,5,0
14:58:39.636 CAN::Logger:408625,49,768,0,0,8,3,90,100,90,100,0,100,35
14:58:39.640 CAN::Logger:408625,49,769,0,0,3,150,3,0
14:58:39.645 CAN::Logger:408665,50,1025,0,0,8,105,158,0,0,70,0,0,0
14:58:39.651 CAN::Logger:408675,49,768,0,0,8,3,90,100,90,100,0,100,52
14:58:39.653 CAN::Logger:408675,49,769,0,0,3,3,4,0
14:58:39.657 CAN::Logger:408675,50,513,0,0,5,70,5,0,0,98
14:58:39.662 CAN::Logger:408685,50,1024,0,0,8,1,0,12,0,0,0,0,0
14:58:39.667 CAN::Logger:408685,50,515,0,0,8,0,0,0,0,0,0,0,0
14:58:39.672 CAN::Logger:408715,50,518,0,0,8,0,0,0,0,0,0,0,0
14:58:39.675 CAN::Logger:408725,49,768,0,0,8,3,90,100,90,100,0,100,37
14:58:39.678 CAN::Logger:408725,49,769,0,0,3,84,5,0
14:58:39.683 CAN::Logger:408765,50,1025,0,0,8,105,158,0,0,70,0,0,0
14:58:39.688 CAN::Logger:408775,49,768,0,0,8,3,90,100,90,100,0,100,54
14:58:39.692 CAN::Logger:408775,49,769,0,0,3,245,6,0
14:58:39.696 CAN::Logger:408775,50,513,0,0,5,10,5,0,0,98
14:58:39.700 CAN::Logger:408785,50,1024,0,0,8,1,0,12,0,0,0,0,0
14:58:39.704 CAN::Logger:408785,50,515,0,0,8,0,0,0,0,0,0,0,0
14:58:39.709 CAN::Logger:408815,50,518,0,0,8,0,0,0,0,0,0,0,0
14:58:39.714 CAN::Logger:408825,49,768,0,0,8,3,90,100,90,100,0,100,39
14:58:39.717 CAN::Logger:408825,49,769,0,0,3,184,7,0
14:58:39.722 CAN::Logger:408845,50,1027,0,0,8,100,0,0,0,64,227,9,0
14:58:39.727 CAN::Logger:408865,50,1025,0,0,8,109,158,0,0,70,0,0,0
14:58:39.732 CAN::Logger:408875,49,768,0,0,8,3,90,100,90,100,0,100,184
14:58:39.735 CAN::Logger:408875,49,769,0,0,3,128,8,0
14:58:39.739 CAN::Logger:408875,50,513,0,0,5,10,5,0,0,98
14:58:39.744 CAN::Logger:408885,50,1024,0,0,8,1,0,12,0,0,0,0,0
14:58:39.748 CAN::Logger:408885,50,515,0,0,8,0,0,0,0,0,0,0,0
14:58:39.752 CAN::Logger:408915,50,518,0,0,8,0,0,0,0,0,0,0,0
14:58:39.757 CAN::Logger:408925,49,768,0,0,8,3,90,100,90,100,0,100,169
14:58:39.761 CAN::Logger:408925,49,769,0,0,3,136,9,0
14:58:39.766 CAN::Logger:408965,50,1025,0,0,8,109,158,0,0,70,0,0,0
14:58:39.771 CAN::Logger:408975,49,768,0,0,8,3,90,100,90,100,0,100,186
14:58:39.775 CAN::Logger:408975,49,769,0,0,3,198,10,0
14:58:39.778 CAN::Logger:408975,50,513,0,0,5,10,5,0,0,98
14:58:39.783 CAN::Logger:408985,50,1024,0,0,8,1,0,12,0,0,0,0,0
14:58:39.787 CAN::Logger:408985,50,515,0,0,8,0,0,0,0,0,0,0,0
14:58:39.791 CAN::Logger:409015,50,518,0,0,8,0,0,0,0,0,0,0,0
14:58:39.797 CAN::Logger:409025,49,768,0,0,8,3,90,100,90,100,0,100,171
14:58:39.800 CAN::Logger:409025,49,769,0,0,3,67,11,0
14:58:39.805 CAN::Logger:409065,50,1025,0,0,8,109,158,0,0,70,0,0,0
14:58:39.810 CAN::Logger:409075,49,768,0,0,8,3,90,100,90,100,0,100,188
14:58:39.814 CAN::Logger:409075,49,769,0,0,3,181,12,0
14:58:39.818 CAN::Logger:409075,50,513,0,0,5,10,5,0,0,98
14:58:39.822 CAN::Logger:409085,50,1024,0,0,8,1,0,12,0,0,0,0,0
14:58:39.826 CAN::Logger:409085,50,515,0,0,8,0,0,0,0,0,0,0,0
14:58:39.830 CAN::Logger:409115,50,518,0,0,8,0,0,0,0,0,0,0,0
14:58:39.836 CAN::Logger:409125,49,768,0,0,8,3,90,100,90,100,0,100,173
14:58:39.839 CAN::Logger:409125,49,769,0,0,3,78,13,0
14:58:39.844 CAN::Logger:409165,50,1025,0,0,8,109,158,0,0,70,0,0,0
14:58:39.849 CAN::Logger:409175,49,768,0,0,8,3,90,100,90,100,0,100,190
14:58:39.853 CAN::Logger:409175,49,769,0,0,3,29,14,0
14:58:39.856 CAN::Logger:409175,50,513,0,0,5,10,5,0,0,98
14:58:39.861 CAN::Logger:409185,50,1024,0,0,8,1,0,12,0,0,0,0,0
14:58:39.865 CAN::Logger:409185,50,515,0,0,8,0,0,0,0,0,0,0,0
14:58:39.869 CAN::Logger:409215,50,518,0,0,8,0,0,0,0,0,0,0,0
14:58:39.875 CAN::Logger:409225,49,768,0,0,8,3,90,100,90,100,0,100,175
14:58:39.879 CAN::Logger:409225,49,769,0,0,3,232,15,0
14:58:39.883 CAN::Logger:409265,50,1025,0,0,8,109,158,0,0,70,0,0,0
14:58:39.888 CAN::Logger:409275,49,768,0,0,8,3,90,100,90,100,0,100,48
14:58:39.892 CAN::Logger:409275,49,769,0,0,3,226,0,0
14:58:39.896 CAN::Logger:409275,50,513,0,0,5,10,5,0,0,98
14:58:39.900 CAN::Logger:409285,50,1024,0,0,8,1,0,12,0,0,0,0,0
14:58:39.904 CAN::Logger:409285,50,515,0,0,8,0,0,0,0,0,0,0,0
14:58:39.909 CAN::Logger:409315,50,518,0,0,8,0,0,0,0,0,0,0,0
14:58:39.914 CAN::Logger:409325,49,768,0,0,8,3,90,100,90,100,0,100,33
14:58:39.918 CAN::Logger:409325,49,769,0,0,3,179,1,0
14:58:39.923 CAN::Logger:409345,50,1026,0,0,8,87,0,0,0,12,154,8,0
14:58:39.927 CAN::Logger:409365,50,1025,0,0,8,109,158,0,0,70,0,0,0
14:58:39.931 CAN::Logger:409375,49,768,0,0,8,3,90,100,90,100,0,100,50
14:58:39.936 CAN::Logger:409375,49,769,0,0,3,107,2,0
14:58:39.939 CAN::Logger:409375,50,513,0,0,5,216,4,0,0,98
14:58:39.943 CAN::Logger:409385,50,1024,0,0,8,1,0,12,0,0,0,0,0
14:58:39.949 CAN::Logger:409385,50,515,0,0,8,0,0,0,0,0,0,0,0
14:58:40.444 CAN::Logger:409415,50,518,0,0,8,0,0,0,0,0,0,0,0
14:58:40.445 CAN::Logger:409425,49,768,0,0,8,3,90,100,90,100,0,100,35
14:58:40.446 CAN::Logger:409425,49,769,0,0,3,150,3,0
14:58:40.451 CAN::Logger:409465,50,1025,0,0,8,109,158,0,0,70,0,0,0
14:58:40.456 CAN::Logger:409475,49,768,0,0,8,3,90,100,90,100,0,100,52
14:58:40.460 CAN::Logger:409475,49,769,0,0,3,3,4,0
14:58:40.464 CAN::Logger:409475,50,513,0,0,5,216,4,0,0,98
14:58:40.468 CAN::Logger:409485,50,1024,0,0,8,1,0,12,0,0,0,0,0
14:58:40.473 CAN::Logger:409485,50,515,0,0,8,0,0,0,0,0,0,0,0
14:58:40.477 CAN::Logger:409515,50,518,0,0,8,0,0,0,0,0,0,0,0
14:58:40.481 CAN::Logger:409525,49,768,0,0,8,3,90,100,90,100,0,100,37
14:58:40.485 CAN::Logger:409525,49,769,0,0,3,84,5,0
14:58:40.489 CAN::Logger:409565,50,1025,0,0,8,109,158,0,0,70,0,0,0
14:58:40.494 CAN::Logger:409575,49,768,0,0,8,3,90,100,90,100,0,100,54
14:58:40.498 CAN::Logger:409575,49,769,0,0,3,245,6,0
14:58:40.502 CAN::Logger:409575,50,513,0,0,5,216,4,0,0,98
14:58:40.507 CAN::Logger:409585,50,1024,0,0,8,1,0,12,0,0,0,0,0
14:58:40.512 CAN::Logger:409585,50,515,0,0,8,0,0,0,0,0,0,0,0
14:58:40.516 CAN::Logger:409605,50,516,0,0,8,0,0,0,0,0,0,0,0
14:58:40.519 CAN::Logger:409615,50,518,0,0,8,0,0,0,0,0,0,0,0
14:58:40.525 CAN::Logger:409615,50,514,0,0,8,226,21,0,0,248,125,5,0
14:58:40.530 CAN::Logger:409625,49,768,0,0,8,3,90,100,90,100,0,100,39
14:58:40.533 CAN::Logger:409625,49,769,0,0,3,184,7,0
14:58:40.538 CAN::Logger:409665,50,1025,0,0,8,107,158,0,0,70,0,0,0
14:58:40.543 CAN::Logger:409675,49,768,0,0,8,3,90,100,90,100,0,100,184
14:58:40.546 CAN::Logger:409675,49,769,0,0,3,128,8,0
14:58:40.550 CAN::Logger:409675,50,513,0,0,5,216,4,0,0,98
14:58:40.556 CAN::Logger:409685,50,1024,0,0,8,1,0,12,0,0,0,0,0
14:58:40.559 CAN::Logger:409685,50,515,0,0,8,0,0,0,0,0,0,0,0
14:58:40.563 CAN::Logger:409715,50,518,0,0,8,0,0,0,0,0,0,0,0
14:58:40.568 CAN::Logger:409725,49,768,0,0,8,3,90,100,90,100,0,100,169
14:58:40.572 CAN::Logger:409725,49,769,0,0,3,136,9,0
14:58:40.577 CAN::Logger:409765,50,1025,0,0,8,107,158,0,0,70,0,0,0
14:58:40.582 CAN::Logger:409775,49,768,0,0,8,3,90,100,90,100,0,100,186
14:58:40.585 CAN::Logger:409775,49,769,0,0,3,198,10,0
14:58:40.589 CAN::Logger:409775,50,513,0,0,5,216,4,0,0,98
14:58:40.594 CAN::Logger:409785,50,1024,0,0,8,1,0,12,0,0,0,0,0
14:58:40.598 CAN::Logger:409785,50,515,0,0,8,0,0,0,0,0,0,0,0
14:58:40.602 CAN::Logger:409815,50,518,0,0,8,0,0,0,0,0,0,0,0
14:58:40.607 CAN::Logger:409825,49,768,0,0,8,3,90,100,90,100,0,100,171
14:58:40.611 CAN::Logger:409825,49,769,0,0,3,67,11,0
14:58:40.616 CAN::Logger:409845,50,1027,0,0,8,100,0,0,0,64,227,9,0
14:58:40.620 CAN::Logger:409865,50,1025,0,0,8,111,158,0,0,70,0,0,0
14:58:40.626 CAN::Logger:409875,49,768,0,0,8,3,90,100,90,100,0,100,188
14:58:40.629 CAN::Logger:409875,49,769,0,0,3,181,12,0
14:58:40.633 CAN::Logger:409875,50,513,0,0,5,216,4,0,0,98
14:58:40.638 CAN::Logger:409885,50,1024,0,0,8,1,0,12,0,0,0,0,0
14:58:40.642 CAN::Logger:409885,50,515,0,0,8,0,0,0,0,0,0,0,0
14:58:40.646 CAN::Logger:409915,50,518,0,0,8,0,0,0,0,0,0,0,0
14:58:40.651 CAN::Logger:409925,49,768,0,0,8,3,90,100,90,100,0,100,173
14:58:40.655 CAN::Logger:409925,49,769,0,0,3,78,13,0
14:58:40.660 CAN::Logger:409965,50,1025,0,0,8,111,158,0,0,70,0,0,0
14:58:40.665 CAN::Logger:409975,49,768,0,0,8,3,90,100,90,100,0,100,190
14:58:40.669 CAN::Logger:409975,49,769,0,0,3,29,14,0
14:58:40.672 CAN::Logger:409975,50,513,0,0,5,146,4,0,0,98
14:58:40.678 CAN::Logger:409985,50,1024,0,0,8,1,0,12,0,0,0,0,0
14:58:40.681 CAN::Logger:409985,50,515,0,0,8,0,0,0,0,0,0,0,0
14:58:40.685 CAN::Logger:410015,50,518,0,0,8,0,0,0,0,0,0,0,0
14:58:40.691 CAN::Logger:410025,49,768,0,0,8,3,90,100,90,100,0,100,175
14:58:40.694 CAN::Logger:410025,49,769,0,0,3,232,15,0
14:58:40.699 CAN::Logger:410065,50,1025,0,0,8,111,158,0,0,70,0,0,0
14:58:40.704 CAN::Logger:410075,49,768,0,0,8,3,90,100,90,100,0,100,48
14:58:40.707 CAN::Logger:410075,49,769,0,0,3,226,0,0
14:58:40.712 CAN::Logger:410075,50,513,0,0,5,146,4,0,0,98
14:58:40.717 CAN::Logger:410085,50,1024,0,0,8,1,0,12,0,0,0,0,0
14:58:40.721 CAN::Logger:410085,50,515,0,0,8,0,0,0,0,0,0,0,0
14:58:40.725 CAN::Logger:410115,50,518,0,0,8,0,0,0,0,0,0,0,0
14:58:40.730 CAN::Logger:410125,49,768,0,0,8,3,90,100,90,100,0,100,33
14:58:40.734 CAN::Logger:410125,49,769,0,0,3,179,1,0
14:58:40.739 CAN::Logger:410165,50,1025,0,0,8,111,158,0,0,70,0,0,0
14:58:40.743 CAN::Logger:410175,49,768,0,0,8,3,90,100,90,100,0,100,50
14:58:40.746 CAN::Logger:410175,49,769,0,0,3,107,2,0
14:58:40.750 CAN::Logger:410175,50,513,0,0,5,146,4,0,0,98
14:58:40.755 CAN::Logger:410185,50,1024,0,0,8,1,0,12,0,0,0,0,0
14:58:40.759 CAN::Logger:410185,50,515,0,0,8,0,0,0,0,0,0,0,0
14:58:40.764 CAN::Logger:410215,50,518,0,0,8,0,0,0,0,0,0,0,0
14:58:40.768 CAN::Logger:410225,49,768,0,0,8,3,90,100,90,100,0,100,35
14:58:40.772 CAN::Logger:410225,49,769,0,0,3,150,3,0
14:58:40.776 CAN::Logger:410265,50,1025,0,0,8,111,158,0,0,70,0,0,0
14:58:40.782 CAN::Logger:410275,49,768,0,0,8,3,90,100,90,100,0,100,52
14:58:40.785 CAN::Logger:410275,49,769,0,0,3,3,4,0
14:58:40.789 CAN::Logger:410275,50,513,0,0,5,146,4,0,0,98
14:58:40.793 CAN::Logger:410285,50,1024,0,0,8,1,0,12,0,0,0,0,0
14:58:40.798 CAN::Logger:410285,50,515,0,0,8,0,0,0,0,0,0,0,0
14:58:40.955 D (410805) DiagnosticsService: Memory free: IRAM: 190972, DRAM: 190972[0m
14:58:41.294 CAN::Logger:410315,50,518,0,0,8,0,0,0,0,0,0,0,0
14:58:41.296 CAN::Logger:410325,49,768,0,0,8,3,90,100,90,100,0,100,37
14:58:41.300 CAN::Logger:410325,49,769,0,0,3,84,5,0
14:58:41.301 CAN::Logger:410345,50,1026,0,0,8,87,0,0,0,12,154,8,0
14:58:41.305 CAN::Logger:410365,50,1025,0,0,8,113,158,0,0,70,0,0,0
14:58:41.310 CAN::Logger:410375,49,768,0,0,8,3,90,100,90,100,0,100,54
14:58:41.314 CAN::Logger:410375,49,769,0,0,3,245,6,0
14:58:41.318 CAN::Logger:410375,50,513,0,0,5,146,4,0,0,98
14:58:41.323 CAN::Logger:410385,50,1024,0,0,8,1,0,12,0,0,0,0,0
14:58:41.327 CAN::Logger:410385,50,515,0,0,8,0,0,0,0,0,0,0,0
14:58:41.331 CAN::Logger:410415,50,518,0,0,8,0,0,0,0,0,0,0,0
14:58:41.336 CAN::Logger:410425,49,768,0,0,8,3,90,100,90,100,0,100,39
14:58:41.340 CAN::Logger:410425,49,769,0,0,3,184,7,0
14:58:41.344 CAN::Logger:410465,50,1025,0,0,8,113,158,0,0,70,0,0,0
14:58:41.349 CAN::Logger:410475,49,768,0,0,8,3,90,100,90,100,0,100,184
14:58:41.353 CAN::Logger:410475,49,769,0,0,3,128,8,0
14:58:41.357 CAN::Logger:410475,50,513,0,0,5,146,4,0,0,98
14:58:41.361 CAN::Logger:410485,50,1024,0,0,8,1,0,12,0,0,0,0,0
14:58:41.366 CAN::Logger:410485,50,515,0,0,8,0,0,0,0,0,0,0,0
14:58:41.370 CAN::Logger:410515,50,518,0,0,8,0,0,0,0,0,0,0,0
14:58:41.375 CAN::Logger:410525,49,768,0,0,8,3,90,100,90,100,0,100,169
14:58:41.379 CAN::Logger:410525,49,769,0,0,3,136,9,0
14:58:41.384 CAN::Logger:410565,50,1025,0,0,8,113,158,0,0,70,0,0,0
14:58:41.389 CAN::Logger:410575,49,768,0,0,8,3,90,100,90,100,0,100,186
14:58:41.392 CAN::Logger:410575,49,769,0,0,3,198,10,0
14:58:41.396 CAN::Logger:410575,50,513,0,0,5,146,4,0,0,98
14:58:41.402 CAN::Logger:410585,50,1024,0,0,8,1,0,12,0,0,0,0,0
14:58:41.406 CAN::Logger:410585,50,515,0,0,8,0,0,0,0,0,0,0,0
14:58:41.410 CAN::Logger:410605,50,516,0,0,8,0,0,0,0,0,0,0,0
14:58:41.414 CAN::Logger:410615,50,518,0,0,8,0,0,0,0,0,0,0,0
14:58:41.419 CAN::Logger:410615,50,514,0,0,8,226,20,0,0,250,125,5,0
14:58:41.424 CAN::Logger:410625,49,768,0,0,8,3,90,100,90,100,0,100,171
14:58:41.429 CAN::Logger:410625,50,1638,0,0,8,82,8,5,0,82,149,54,2
14:58:41.433 CAN::Logger:410625,49,769,0,0,3,67,11,0
14:58:41.437 CAN::Logger:410635,50,1637,0,0,8,0,0,0,83,76,24,83,0
14:58:41.441 CAN::Logger:410645,50,512,0,0,8,87,0,106,156,8,0,1,0
14:58:41.446 CAN::Logger:410665,50,1025,0,0,8,113,158,0,0,70,0,0,0
14:58:41.451 CAN::Logger:410675,49,768,0,0,8,3,90,100,90,100,0,100,188
14:58:41.455 CAN::Logger:410675,49,769,0,0,3,181,12,0
14:58:41.458 CAN::Logger:410675,50,513,0,0,5,86,4,0,0,98
14:58:41.463 CAN::Logger:410685,50,1024,0,0,8,1,0,12,0,0,0,0,0
14:58:41.467 CAN::Logger:410685,50,515,0,0,8,0,0,0,0,0,0,0,0
14:58:41.471 CAN::Logger:410715,50,518,0,0,8,0,0,0,0,0,0,0,0
14:58:41.477 CAN::Logger:410725,49,768,0,0,8,3,90,100,90,100,0,100,173
14:58:41.480 CAN::Logger:410725,49,769,0,0,3,78,13,0
14:58:41.486 CAN::Logger:410765,50,1025,0,0,8,113,158,0,0,70,0,0,0
14:58:41.491 CAN::Logger:410775,49,768,0,0,8,3,90,100,90,100,0,100,190
14:58:41.494 CAN::Logger:410775,49,769,0,0,3,29,14,0
14:58:41.497 CAN::Logger:410775,50,513,0,0,5,86,4,0,0,98
14:58:41.502 CAN::Logger:410785,50,1024,0,0,8,1,0,12,0,0,0,0,0
14:58:41.506 CAN::Logger:410785,50,515,0,0,8,0,0,0,0,0,0,0,0
14:58:41.511 CAN::Logger:410815,50,518,0,0,8,0,0,0,0,0,0,0,0
14:58:41.515 CAN::Logger:410825,49,768,0,0,8,3,90,100,90,100,0,100,175
14:58:41.519 CAN::Logger:410825,49,769,0,0,3,232,15,0
14:58:41.524 CAN::Logger:410845,50,1027,0,0,8,100,0,0,0,64,227,9,0
14:58:41.529 CAN::Logger:410865,50,1025,0,0,8,113,158,0,0,70,0,0,0
14:58:41.534 CAN::Logger:410875,49,768,0,0,8,3,90,100,90,100,0,100,48
14:58:41.537 CAN::Logger:410875,49,769,0,0,3,226,0,0
14:58:41.541 CAN::Logger:410875,50,513,0,0,5,86,4,0,0,98
14:58:41.546 CAN::Logger:410885,50,1024,0,0,8,1,0,12,0,0,0,0,0
14:58:41.550 CAN::Logger:410885,50,515,0,0,8,0,0,0,0,0,0,0,0
14:58:41.554 CAN::Logger:410915,50,518,0,0,8,0,0,0,0,0,0,0,0
14:58:41.559 CAN::Logger:410925,49,768,0,0,8,3,90,100,90,100,0,100,33
14:58:41.563 CAN::Logger:410925,49,769,0,0,3,179,1,0
14:58:41.567 CAN::Logger:410965,50,1025,0,0,8,113,158,0,0,71,0,0,0
14:58:41.572 CAN::Logger:410975,49,768,0,0,8,3,90,100,90,100,0,100,50
14:58:41.576 CAN::Logger:410975,49,769,0,0,3,107,2,0
14:58:41.580 CAN::Logger:410975,50,513,0,0,5,86,4,0,0,98
14:58:41.584 CAN::Logger:410985,50,1024,0,0,8,1,0,12,0,0,0,0,0
14:58:41.589 CAN::Logger:410985,50,515,0,0,8,0,0,0,0,0,0,0,0
14:58:41.593 CAN::Logger:411015,50,518,0,0,8,0,0,0,0,0,0,0,0
14:58:41.598 CAN::Logger:411025,49,768,0,0,8,3,90,100,90,100,0,100,35
14:58:41.601 CAN::Logger:411025,49,769,0,0,3,150,3,0
14:58:41.606 CAN::Logger:411065,50,1025,0,0,8,113,158,0,0,71,0,0,0
14:58:41.611 CAN::Logger:411075,49,768,0,0,8,3,90,100,90,100,0,100,52
14:58:41.615 CAN::Logger:411075,49,769,0,0,3,3,4,0
14:58:41.619 CAN::Logger:411075,50,513,0,0,5,86,4,0,0,98
14:58:41.623 CAN::Logger:411085,50,1024,0,0,8,1,0,12,0,0,0,0,0
14:58:41.627 CAN::Logger:411085,50,515,0,0,8,0,0,0,0,0,0,0,0
14:58:41.632 CAN::Logger:411115,50,518,0,0,8,0,0,0,0,0,0,0,0
14:58:41.637 CAN::Logger:411125,49,768,0,0,8,3,90,100,90,100,0,100,37
14:58:41.641 CAN::Logger:411125,49,769,0,0,3,84,5,0
14:58:42.134 CAN::Logger:411165,50,1025,0,0,8,113,158,0,0,71,0,0,0
14:58:42.135 CAN::Logger:411175,49,768,0,0,8,3,90,100,90,100,0,100,54
14:58:42.138 CAN::Logger:411175,49,769,0,0,3,245,6,0
14:58:42.141 CAN::Logger:411175,50,513,0,0,5,86,4,0,0,98
14:58:42.145 CAN::Logger:411185,50,1024,0,0,8,1,0,12,0,0,0,0,0
14:58:42.149 CAN::Logger:411185,50,515,0,0,8,0,0,0,0,0,0,0,0
14:58:42.153 CAN::Logger:411215,50,518,0,0,8,0,0,0,0,0,0,0,0
14:58:42.159 CAN::Logger:411225,49,768,0,0,8,3,90,100,90,100,0,100,39
14:58:42.163 CAN::Logger:411225,49,769,0,0,3,184,7,0
14:58:42.168 CAN::Logger:411265,50,1025,0,0,8,113,158,0,0,70,0,0,0
14:58:42.168 CAN::Logger:411275,49,768,0,0,8,3,90,100,90,100,0,100,184
14:58:42.175 CAN::Logger:411275,49,769,0,0,3,128,8,0
14:58:42.179 CAN::Logger:411275,50,513,0,0,5,86,4,0,0,98
14:58:42.184 CAN::Logger:411285,50,1024,0,0,8,1,0,12,0,0,0,0,0
14:58:42.188 CAN::Logger:411285,50,515,0,0,8,0,0,0,0,0,0,0,0
14:58:42.192 CAN::Logger:411315,50,518,0,0,8,0,0,0,0,0,0,0,0
14:58:42.197 CAN::Logger:411325,49,768,0,0,8,3,90,100,90,100,0,100,169
14:58:42.201 CAN::Logger:411325,49,769,0,0,3,136,9,0
14:58:42.206 CAN::Logger:411345,50,1026,0,0,8,87,0,0,0,12,154,8,0
14:58:42.210 CAN::Logger:411365,50,1025,0,0,8,113,158,0,0,70,0,0,0
14:58:42.216 CAN::Logger:411375,49,768,0,0,8,3,90,100,90,100,0,100,186
14:58:42.220 CAN::Logger:411375,49,769,0,0,3,198,10,0
14:58:42.223 CAN::Logger:411375,50,513,0,0,5,86,4,0,0,98
14:58:42.228 CAN::Logger:411385,50,1024,0,0,8,1,0,12,0,0,0,0,0
14:58:42.232 CAN::Logger:411385,50,515,0,0,8,0,0,0,0,0,0,0,0
14:58:42.237 CAN::Logger:411415,50,518,0,0,8,0,0,0,0,0,0,0,0
14:58:42.242 CAN::Logger:411425,49,768,0,0,8,3,90,100,90,100,0,100,171
14:58:42.245 CAN::Logger:411425,49,769,0,0,3,67,11,0
14:58:42.250 CAN::Logger:411465,50,1025,0,0,8,113,158,0,0,70,0,0,0
14:58:42.255 CAN::Logger:411475,49,768,0,0,8,3,90,100,90,100,0,100,188
14:58:42.258 CAN::Logger:411475,49,769,0,0,3,181,12,0
14:58:42.262 CAN::Logger:411475,50,513,0,0,5,6,4,0,0,98
14:58:42.267 CAN::Logger:411485,50,1024,0,0,8,1,0,12,0,0,0,0,0
14:58:42.271 CAN::Logger:411485,50,515,0,0,8,0,0,0,0,0,0,0,0
14:58:42.276 CAN::Logger:411515,50,518,0,0,8,0,0,0,0,0,0,0,0
14:58:42.280 CAN::Logger:411525,49,768,0,0,8,3,90,100,90,100,0,100,173
14:58:42.284 CAN::Logger:411525,49,769,0,0,3,78,13,0
14:58:42.288 CAN::Logger:411565,50,1025,0,0,8,113,158,0,0,70,0,0,0
14:58:42.294 CAN::Logger:411575,49,768,0,0,8,3,90,100,90,100,0,100,190
14:58:42.297 CAN::Logger:411575,49,769,0,0,3,29,14,0
14:58:42.301 CAN::Logger:411575,50,513,0,0,5,6,4,0,0,98
14:58:42.305 CAN::Logger:411585,50,1024,0,0,8,1,0,12,0,0,0,0,0
14:58:42.310 CAN::Logger:411585,50,515,0,0,8,0,0,0,0,0,0,0,0
14:58:42.314 CAN::Logger:411605,50,516,0,0,8,0,0,0,0,0,0,0,0
14:58:42.319 CAN::Logger:411615,50,518,0,0,8,0,0,0,0,0,0,0,0
14:58:42.323 CAN::Logger:411615,50,514,0,0,8,226,20,0,0,254,125,5,0
14:58:42.328 CAN::Logger:411625,49,768,0,0,8,3,90,100,90,100,0,100,175
14:58:42.332 CAN::Logger:411625,49,769,0,0,3,232,15,0
14:58:42.337 CAN::Logger:411665,50,1025,0,0,8,115,158,0,0,70,0,0,0
14:58:42.342 CAN::Logger:411675,49,768,0,0,8,3,90,100,90,100,0,100,48
14:58:42.345 CAN::Logger:411675,49,769,0,0,3,226,0,0
14:58:42.350 CAN::Logger:411675,50,513,0,0,5,6,4,0,0,98
14:58:42.353 CAN::Logger:411685,50,1024,0,0,8,1,0,12,0,0,0,0,0
14:58:42.358 CAN::Logger:411685,50,515,0,0,8,0,0,0,0,0,0,0,0
14:58:42.363 CAN::Logger:411715,50,518,0,0,8,0,0,0,0,0,0,0,0
14:58:42.367 CAN::Logger:411725,49,768,0,0,8,3,90,100,90,100,0,100,33
14:58:42.370 CAN::Logger:411725,49,769,0,0,3,179,1,0
14:58:42.375 CAN::Logger:411765,50,1025,0,0,8,115,158,0,0,70,0,0,0
14:58:42.380 CAN::Logger:411775,49,768,0,0,8,3,90,100,90,100,0,100,50
14:58:42.384 CAN::Logger:411775,49,769,0,0,3,107,2,0
14:58:42.388 CAN::Logger:411775,50,513,0,0,5,6,4,0,0,98
14:58:42.392 CAN::Logger:411785,50,1024,0,0,8,1,0,12,0,0,0,0,0
14:58:42.396 CAN::Logger:411785,50,515,0,0,8,0,0,0,0,0,0,0,0
14:58:42.402 CAN::Logger:411815,50,518,0,0,8,0,0,0,0,0,0,0,0
14:58:42.406 CAN::Logger:411825,49,768,0,0,8,3,90,100,90,100,0,100,35
14:58:42.409 CAN::Logger:411825,49,769,0,0,3,150,3,0
14:58:42.415 CAN::Logger:411845,50,1027,0,0,8,100,0,0,0,64,227,9,0
14:58:42.419 CAN::Logger:411865,50,1025,0,0,8,117,158,0,0,70,0,0,0
14:58:42.425 CAN::Logger:411875,49,768,0,0,8,3,90,100,90,100,0,100,52
14:58:42.427 CAN::Logger:411875,49,769,0,0,3,3,4,0
14:58:42.431 CAN::Logger:411875,50,513,0,0,5,6,4,0,0,98
14:58:42.435 CAN::Logger:411885,50,1024,0,0,8,1,0,12,0,0,0,0,0
14:58:42.440 CAN::Logger:411885,50,515,0,0,8,0,0,0,0,0,0,0,0
14:58:42.445 CAN::Logger:411915,50,518,0,0,8,0,0,0,0,0,0,0,0
14:58:42.449 CAN::Logger:411925,49,768,0,0,8,3,90,100,90,100,0,100,37
14:58:42.453 CAN::Logger:411925,49,769,0,0,3,84,5,0
14:58:42.457 CAN::Logger:411965,50,1025,0,0,8,117,158,0,0,70,0,0,0
14:58:42.463 CAN::Logger:411975,49,768,0,0,8,3,90,100,90,100,0,100,54
14:58:42.466 CAN::Logger:411975,49,769,0,0,3,245,6,0
14:58:42.470 CAN::Logger:411975,50,513,0,0,5,6,4,0,0,98
14:58:42.964 CAN::Logger:411985,50,1024,0,0,8,1,0,12,0,0,0,0,0
14:58:42.965 CAN::Logger:411985,50,515,0,0,8,0,0,0,0,0,0,0,0
14:58:42.966 CAN::Logger:412015,50,518,0,0,8,0,0,0,0,0,0,0,0
14:58:42.971 CAN::Logger:412025,49,768,0,0,8,3,90,100,90,100,0,100,39
14:58:42.976 CAN::Logger:412025,49,769,0,0,3,184,7,0
14:58:42.980 CAN::Logger:412065,50,1025,0,0,8,117,158,0,0,70,0,0,0
14:58:42.985 CAN::Logger:412075,49,768,0,0,8,3,90,100,90,100,0,100,184
14:58:42.988 CAN::Logger:412075,49,769,0,0,3,128,8,0
14:58:42.992 CAN::Logger:412075,50,513,0,0,5,6,4,0,0,98
14:58:42.996 CAN::Logger:412085,50,1024,0,0,8,1,0,12,0,0,0,0,0
14:58:43.001 CAN::Logger:412085,50,515,0,0,8,0,0,0,0,0,0,0,0
14:58:43.005 CAN::Logger:412115,50,518,0,0,8,0,0,0,0,0,0,0,0
14:58:43.010 CAN::Logger:412125,49,768,0,0,8,3,90,100,90,100,0,100,169
14:58:43.014 CAN::Logger:412125,49,769,0,0,3,136,9,0
14:58:43.018 CAN::Logger:412165,50,1025,0,0,8,119,158,0,0,70,0,0,0
14:58:43.023 CAN::Logger:412175,49,768,0,0,8,3,90,100,90,100,0,100,186
14:58:43.027 CAN::Logger:412175,49,769,0,0,3,198,10,0
14:58:43.031 CAN::Logger:412175,50,513,0,0,5,6,4,0,0,98
14:58:43.035 CAN::Logger:412185,50,1024,0,0,8,1,0,12,0,0,0,0,0
14:58:43.040 CAN::Logger:412185,50,515,0,0,8,0,0,0,0,0,0,0,0
14:58:43.044 CAN::Logger:412215,50,518,0,0,8,0,0,0,0,0,0,0,0
14:58:43.049 CAN::Logger:412225,49,768,0,0,8,3,90,100,90,100,0,100,171
14:58:43.053 CAN::Logger:412225,49,769,0,0,3,67,11,0
14:58:43.057 CAN::Logger:412265,50,1025,0,0,8,119,158,0,0,70,0,0,0
14:58:43.063 CAN::Logger:412275,49,768,0,0,8,3,90,100,90,100,0,100,188
14:58:43.066 CAN::Logger:412275,49,769,0,0,3,181,12,0
14:58:43.070 CAN::Logger:412275,50,513,0,0,5,182,3,0,0,98
14:58:43.075 CAN::Logger:412285,50,1024,0,0,8,1,0,12,0,0,0,0,0
14:58:43.079 CAN::Logger:412285,50,515,0,0,8,0,0,0,0,0,0,0,0
14:58:43.083 CAN::Logger:412315,50,518,0,0,8,0,0,0,0,0,0,0,0
14:58:43.088 CAN::Logger:412325,49,768,0,0,8,3,90,100,90,100,0,100,173
14:58:43.092 CAN::Logger:412325,49,769,0,0,3,78,13,0
14:58:43.096 CAN::Logger:412345,50,1026,0,0,8,87,0,0,0,12,154,8,0
14:58:43.101 CAN::Logger:412365,50,1025,0,0,8,117,158,0,0,70,0,0,0
14:58:43.106 CAN::Logger:412375,49,768,0,0,8,3,90,100,90,100,0,100,190
14:58:43.110 CAN::Logger:412375,49,769,0,0,3,29,14,0
14:58:43.114 CAN::Logger:412375,50,513,0,0,5,182,3,0,0,98
14:58:43.118 CAN::Logger:412385,50,1024,0,0,8,1,0,12,0,0,0,0,0
14:58:43.122 CAN::Logger:412385,50,515,0,0,8,0,0,0,0,0,0,0,0
14:58:43.127 CAN::Logger:412415,50,518,0,0,8,0,0,0,0,0,0,0,0
14:58:43.133 CAN::Logger:412425,49,768,0,0,8,3,90,100,90,100,0,100,175
14:58:43.136 CAN::Logger:412425,49,769,0,0,3,232,15,0
14:58:43.141 CAN::Logger:412465,50,1025,0,0,8,117,158,0,0,70,0,0,0
14:58:43.145 CAN::Logger:412475,49,768,0,0,8,3,90,100,90,100,0,100,48
14:58:43.150 CAN::Logger:412475,49,769,0,0,3,226,0,0
14:58:43.153 CAN::Logger:412475,50,513,0,0,5,182,3,0,0,98
14:58:43.158 CAN::Logger:412485,50,1024,0,0,8,1,0,12,0,0,0,0,0
14:58:43.162 CAN::Logger:412485,50,515,0,0,8,0,0,0,0,0,0,0,0
14:58:43.166 CAN::Logger:412515,50,518,0,0,8,0,0,0,0,0,0,0,0
14:58:43.171 CAN::Logger:412525,49,768,0,0,8,3,90,100,90,100,0,100,33
14:58:43.174 CAN::Logger:412525,49,769,0,0,3,179,1,0
14:58:43.180 CAN::Logger:412565,50,1025,0,0,8,117,158,0,0,70,0,0,0
14:58:43.184 CAN::Logger:412575,49,768,0,0,8,3,90,100,90,100,0,100,50
14:58:43.189 CAN::Logger:412575,49,769,0,0,3,107,2,0
14:58:43.192 CAN::Logger:412575,50,513,0,0,5,182,3,0,0,98
14:58:43.196 CAN::Logger:412585,50,1024,0,0,8,1,0,12,0,0,0,0,0
14:58:43.200 CAN::Logger:412595,50,515,0,0,8,0,0,0,0,0,0,0,0
14:58:43.205 CAN::Logger:412605,50,516,0,0,8,0,0,0,0,0,0,0,0
14:58:43.209 CAN::Logger:412615,50,518,0,0,8,0,0,0,0,0,0,0,0
14:58:43.214 CAN::Logger:412615,50,514,0,0,8,226,19,0,0,0,126,5,0
14:58:43.219 CAN::Logger:412625,49,768,0,0,8,3,90,100,90,100,0,100,35
14:58:43.222 CAN::Logger:412625,49,769,0,0,3,150,3,0
14:58:43.227 CAN::Logger:412665,50,1025,0,0,8,121,158,0,0,70,0,0,0
14:58:43.232 CAN::Logger:412675,49,768,0,0,8,3,90,100,90,100,0,100,52
14:58:43.235 CAN::Logger:412675,49,769,0,0,3,3,4,0
14:58:43.240 CAN::Logger:412675,50,513,0,0,5,182,3,0,0,98
14:58:43.244 CAN::Logger:412685,50,1024,0,0,8,1,0,12,0,0,0,0,0
14:58:43.249 CAN::Logger:412695,50,515,0,0,8,0,0,0,0,0,0,0,0
14:58:43.252 CAN::Logger:412715,50,518,0,0,8,0,0,0,0,0,0,0,0
14:58:43.257 CAN::Logger:412725,49,768,0,0,8,3,90,100,90,100,0,100,37
14:58:43.262 CAN::Logger:412725,49,769,0,0,3,84,5,0
14:58:43.267 CAN::Logger:412775,50,1025,0,0,8,121,158,0,0,71,0,0,0
14:58:43.272 CAN::Logger:412775,49,768,0,0,8,3,90,100,90,100,0,100,54
14:58:43.274 CAN::Logger:412775,49,769,0,0,3,245,6,0
14:58:43.278 CAN::Logger:412775,50,513,0,0,5,182,3,0,0,98
14:58:43.283 CAN::Logger:412785,50,515,0,0,8,0,0,0,0,0,0,0,0
14:58:43.287 CAN::Logger:412795,50,1024,0,0,8,1,0,12,0,0,0,0,0
14:58:43.785 CAN::Logger:412815,50,518,0,0,8,0,0,0,0,0,0,0,0
14:58:43.787 CAN::Logger:412825,49,768,0,0,8,3,90,100,90,100,0,100,39
14:58:43.787 CAN::Logger:412825,49,769,0,0,3,184,7,0
14:58:43.791 CAN::Logger:412855,50,1027,0,0,8,100,0,0,0,64,227,9,0
14:58:43.796 CAN::Logger:412875,50,1025,0,0,8,119,158,0,0,71,0,0,0
14:58:43.801 CAN::Logger:412875,49,768,0,0,8,3,90,100,90,100,0,100,184
14:58:43.804 CAN::Logger:412875,49,769,0,0,3,128,8,0
14:58:43.809 CAN::Logger:412875,50,513,0,0,5,182,3,0,0,98
14:58:43.812 CAN::Logger:412885,50,515,0,0,8,0,0,0,0,0,0,0,0
14:58:43.817 CAN::Logger:412895,50,1024,0,0,8,1,0,12,0,0,0,0,0
14:58:43.821 CAN::Logger:412915,50,518,0,0,8,0,0,0,0,0,0,0,0
14:58:43.826 CAN::Logger:412925,49,768,0,0,8,3,90,100,90,100,0,100,169
14:58:43.830 CAN::Logger:412925,49,769,0,0,3,136,9,0
14:58:43.835 CAN::Logger:412975,50,1025,0,0,8,119,158,0,0,70,0,0,0
14:58:43.840 CAN::Logger:412975,49,768,0,0,8,3,90,100,90,100,0,100,186
14:58:43.843 CAN::Logger:412975,49,769,0,0,3,198,10,0
14:58:43.847 CAN::Logger:412975,50,513,0,0,5,182,3,0,0,98
14:58:43.852 CAN::Logger:412995,50,515,0,0,8,0,0,0,0,0,0,0,0
14:58:43.856 CAN::Logger:412995,50,1024,0,0,8,1,0,12,0,0,0,0,0
14:58:43.860 CAN::Logger:413015,50,518,0,0,8,0,0,0,0,0,0,0,0
14:58:43.866 CAN::Logger:413025,49,768,0,0,8,3,90,100,90,100,0,100,171
14:58:43.870 CAN::Logger:413025,49,769,0,0,3,67,11,0
14:58:43.874 CAN::Logger:413075,50,1025,0,0,8,119,158,0,0,70,0,0,0
14:58:43.879 CAN::Logger:413075,49,768,0,0,8,3,90,100,90,100,0,100,188
14:58:43.882 CAN::Logger:413075,49,769,0,0,3,181,12,0
14:58:43.887 CAN::Logger:413075,50,513,0,0,5,182,3,0,0,98
14:58:43.891 CAN::Logger:413095,50,515,0,0,8,0,0,0,0,0,0,0,0
14:58:43.895 CAN::Logger:413095,50,1024,0,0,8,1,0,12,0,0,0,0,0
14:58:43.900 CAN::Logger:413115,50,518,0,0,8,0,0,0,0,0,0,0,0
14:58:43.905 CAN::Logger:413125,49,768,0,0,8,3,90,100,90,100,0,100,173
14:58:43.909 CAN::Logger:413125,49,769,0,0,3,78,13,0
14:58:43.913 CAN::Logger:413175,50,1025,0,0,8,121,158,0,0,70,0,0,0
14:58:43.918 CAN::Logger:413175,49,768,0,0,8,3,90,100,90,100,0,100,190
14:58:43.922 CAN::Logger:413175,49,769,0,0,3,29,14,0
14:58:43.927 CAN::Logger:413175,50,513,0,0,5,182,3,0,0,98
14:58:43.930 CAN::Logger:413195,50,515,0,0,8,0,0,0,0,0,0,0,0
14:58:43.934 CAN::Logger:413195,50,1024,0,0,8,1,0,12,0,0,0,0,0
14:58:43.938 CAN::Logger:413215,50,518,0,0,8,0,0,0,0,0,0,0,0
14:58:43.944 CAN::Logger:413225,49,768,0,0,8,3,90,100,90,100,0,100,175
14:58:43.947 CAN::Logger:413225,49,769,0,0,3,232,15,0
14:58:43.952 CAN::Logger:413275,50,1025,0,0,8,121,158,0,0,70,0,0,0
14:58:43.957 CAN::Logger:413275,49,768,0,0,8,3,90,100,90,100,0,100,48
14:58:43.962 CAN::Logger:413275,49,769,0,0,3,226,0,0
14:58:43.965 CAN::Logger:413275,50,513,0,0,5,248,2,0,0,98
14:58:43.969 CAN::Logger:413295,50,515,0,0,8,0,0,0,0,0,0,0,0
14:58:43.973 CAN::Logger:413295,50,1024,0,0,8,1,0,12,0,0,0,0,0
14:58:43.979 CAN::Logger:413315,50,518,0,0,8,0,0,0,0,0,0,0,0
14:58:43.983 CAN::Logger:413325,49,768,0,0,8,3,90,100,90,100,0,100,33
14:58:43.986 CAN::Logger:413325,49,769,0,0,3,179,1,0
14:58:43.991 CAN::Logger:413355,50,1026,0,0,8,87,0,0,0,12,154,8,0
14:58:43.996 CAN::Logger:413375,50,1025,0,0,8,121,158,0,0,70,0,0,0
14:58:44.001 CAN::Logger:413375,49,768,0,0,8,3,90,100,90,100,0,100,50
14:58:44.004 CAN::Logger:413375,49,769,0,0,3,107,2,0
14:58:44.008 CAN::Logger:413375,50,513,0,0,5,228,2,0,0,98
14:58:44.012 CAN::Logger:413395,50,515,0,0,8,0,0,0,0,0,0,0,0
14:58:44.017 CAN::Logger:413395,50,1024,0,0,8,1,0,12,0,0,0,0,0
14:58:44.021 CAN::Logger:413415,50,518,0,0,8,0,0,0,0,0,0,0,0
14:58:44.026 CAN::Logger:413425,49,768,0,0,8,3,90,100,90,100,0,100,35
14:58:44.030 CAN::Logger:413425,49,769,0,0,3,150,3,0
14:58:44.034 CAN::Logger:413475,50,1025,0,0,8,121,158,0,0,70,0,0,0
14:58:44.041 CAN::Logger:413475,49,768,0,0,8,3,90,100,90,100,0,100,52
14:58:44.043 CAN::Logger:413475,49,769,0,0,3,3,4,0
14:58:44.048 CAN::Logger:413475,50,513,0,0,5,228,2,0,0,98
14:58:44.052 CAN::Logger:413495,50,515,0,0,8,0,0,0,0,0,0,0,0
14:58:44.058 CAN::Logger:413495,50,1024,0,0,8,1,0,12,0,0,0,0,0
14:58:44.060 CAN::Logger:413515,50,518,0,0,8,0,0,0,0,0,0,0,0
14:58:44.065 CAN::Logger:413525,49,768,0,0,8,3,90,100,90,100,0,100,37
14:58:44.068 CAN::Logger:413525,49,769,0,0,3,84,5,0
14:58:44.073 CAN::Logger:413575,50,1025,0,0,8,121,158,0,0,70,0,0,0
14:58:44.078 CAN::Logger:413575,49,768,0,0,8,3,90,100,90,100,0,100,54
14:58:44.082 CAN::Logger:413575,49,769,0,0,3,245,6,0
14:58:44.086 CAN::Logger:413575,50,513,0,0,5,228,2,0,0,98
14:58:44.090 CAN::Logger:413595,50,515,0,0,8,0,0,0,0,0,0,0,0
14:58:44.094 CAN::Logger:413595,50,1024,0,0,8,1,0,12,0,0,0,0,0
14:58:44.099 CAN::Logger:413605,50,516,0,0,8,0,0,0,0,0,0,0,0
14:58:44.103 CAN::Logger:413615,50,518,0,0,8,0,0,0,0,0,0,0,0
14:58:44.108 CAN::Logger:413615,50,514,0,0,8,226,20,0,0,2,126,5,0
14:58:44.113 CAN::Logger:413625,49,768,0,0,8,3,90,100,90,100,0,100,39
14:58:44.117 CAN::Logger:413625,50,1638,0,0,8,82,8,5,0,82,149,54,2
14:58:44.121 CAN::Logger:413625,49,769,0,0,3,184,7,0
