16:53:46.201 CAN::Logger:93565,49,768,0,0,8,3,90,100,90,100,0,100,190
16:53:46.205 CAN::Logger:93565,49,769,0,0,3,29,14,0
16:53:46.209 CAN::Logger:93575,50,1637,0,0,8,0,0,0,83,76,24,83,0
16:53:46.214 CAN::Logger:93585,50,512,0,0,8,88,0,200,170,8,0,1,0
16:53:46.218 CAN::Logger:93615,50,513,0,0,5,0,0,0,0,98
16:53:46.223 CAN::Logger:93615,49,768,0,0,8,3,90,100,90,100,0,100,175
16:53:46.227 CAN::Logger:93615,50,1026,0,0,8,88,0,0,0,200,170,8,0
16:53:46.231 CAN::Logger:93615,49,769,0,0,3,232,15,0
16:53:46.235 CAN::Logger:93625,50,515,0,0,8,0,0,0,0,0,0,0,0
16:53:46.240 CAN::Logger:93635,50,1025,0,0,8,53,159,0,0,70,0,0,0
16:53:46.244 CAN::Logger:93655,50,518,0,0,8,0,0,0,0,0,0,0,0
16:53:46.248 CAN::Logger:93655,50,1024,0,0,8,1,0,12,0,0,0,0,0
16:53:46.253 CAN::Logger:93665,49,768,0,0,8,3,90,100,90,100,0,100,48
16:53:46.257 CAN::Logger:93665,49,769,0,0,3,226,0,0
16:53:46.260 CAN::Logger:93715,50,513,0,0,5,0,0,0,0,98
16:53:46.266 CAN::Logger:93715,49,768,0,0,8,3,90,100,90,100,0,100,33
16:53:46.269 CAN::Logger:93715,49,769,0,0,3,179,1,0
16:53:46.273 CAN::Logger:93725,50,515,0,0,8,0,0,0,0,0,0,0,0
16:53:46.277 CAN::Logger:93735,50,1025,0,0,8,53,159,0,0,70,0,0,0
16:53:46.282 CAN::Logger:93755,50,518,0,0,8,0,0,0,0,0,0,0,0
16:53:46.286 CAN::Logger:93755,50,1024,0,0,8,1,0,12,0,0,0,0,0
16:53:46.291 CAN::Logger:93765,49,768,0,0,8,3,90,100,90,100,0,100,50
16:53:46.294 CAN::Logger:93765,49,769,0,0,3,107,2,0
16:53:46.298 CAN::Logger:93815,50,513,0,0,5,0,0,0,0,98
16:53:46.303 CAN::Logger:93815,49,768,0,0,8,3,90,100,90,100,0,100,35
16:53:46.307 CAN::Logger:93815,49,769,0,0,3,150,3,0
16:53:46.311 CAN::Logger:93825,50,515,0,0,8,0,0,0,0,0,0,0,0
16:53:46.315 CAN::Logger:93835,50,1025,0,0,8,53,159,0,0,70,0,0,0
16:53:46.810 CAN::Logger:93855,50,518,0,0,8,0,0,0,0,0,0,0,0
16:53:46.811 CAN::Logger:93855,50,1024,0,0,8,1,0,12,0,0,0,0,0
16:53:46.812 CAN::Logger:93865,49,768,0,0,8,3,90,100,90,100,0,100,52
16:53:46.816 CAN::Logger:93865,49,769,0,0,3,3,4,0
16:53:46.819 CAN::Logger:93915,50,513,0,0,5,0,0,0,0,98
16:53:46.824 CAN::Logger:93915,49,768,0,0,8,3,90,100,90,100,0,100,37
16:53:46.828 CAN::Logger:93915,49,769,0,0,3,84,5,0
16:53:46.832 CAN::Logger:93925,50,515,0,0,8,0,0,0,0,0,0,0,0
16:53:46.837 CAN::Logger:93935,50,1025,0,0,8,51,159,0,0,70,0,0,0
16:53:46.841 CAN::Logger:93955,50,518,0,0,8,0,0,0,0,0,0,0,0
16:53:46.845 CAN::Logger:93955,50,1024,0,0,8,1,0,12,0,0,0,0,0
16:53:46.850 CAN::Logger:93965,49,768,0,0,8,3,90,100,90,100,0,100,54
16:53:46.853 CAN::Logger:93965,49,769,0,0,3,245,6,0
16:53:46.857 CAN::Logger:94015,50,513,0,0,5,0,0,0,0,98
16:53:46.862 CAN::Logger:94015,49,768,0,0,8,3,90,100,90,100,0,100,39
16:53:46.866 CAN::Logger:94015,49,769,0,0,3,184,7,0
16:53:46.870 CAN::Logger:94025,50,515,0,0,8,0,0,0,0,0,0,0,0
16:53:46.874 CAN::Logger:94035,50,1025,0,0,8,51,159,0,0,70,0,0,0
16:53:46.878 CAN::Logger:94055,50,518,0,0,8,0,0,0,0,0,0,0,0
16:53:46.884 CAN::Logger:94055,50,1024,0,0,8,1,0,12,0,0,0,0,0
16:53:46.888 CAN::Logger:94065,49,768,0,0,8,3,90,100,90,100,0,100,184
16:53:46.891 CAN::Logger:94065,49,769,0,0,3,128,8,0
16:53:46.895 CAN::Logger:94115,50,513,0,0,5,0,0,0,0,98
16:53:46.902 CAN::Logger:94115,49,768,0,0,8,3,90,100,90,100,0,100,169
16:53:46.903 CAN::Logger:94115,49,769,0,0,3,136,9,0
16:53:46.909 CAN::Logger:94115,50,1027,0,0,8,100,0,0,0,64,227,9,0
16:53:46.913 CAN::Logger:94125,50,515,0,0,8,0,0,0,0,0,0,0,0
16:53:46.917 CAN::Logger:94135,50,1025,0,0,8,53,159,0,0,70,0,0,0
16:53:46.921 CAN::Logger:94155,50,518,0,0,8,0,0,0,0,0,0,0,0
16:53:46.925 CAN::Logger:94155,50,1024,0,0,8,1,0,12,0,0,0,0,0
16:53:46.932 CAN::Logger:94165,49,768,0,0,8,3,90,100,90,100,0,100,186
16:53:46.935 CAN::Logger:94165,49,769,0,0,3,198,10,0
16:53:46.938 CAN::Logger:94215,50,513,0,0,5,0,0,0,0,98
16:53:46.943 CAN::Logger:94215,49,768,0,0,8,3,90,100,90,100,0,100,171
16:53:46.946 CAN::Logger:94215,49,769,0,0,3,67,11,0
16:53:46.950 CAN::Logger:94225,50,515,0,0,8,0,0,0,0,0,0,0,0
16:53:46.955 CAN::Logger:94235,50,1025,0,0,8,53,159,0,0,70,0,0,0
16:53:46.959 CAN::Logger:94255,50,518,0,0,8,0,0,0,0,0,0,0,0
16:53:46.964 CAN::Logger:94255,50,1024,0,0,8,1,0,12,0,0,0,0,0
16:53:46.969 CAN::Logger:94265,49,768,0,0,8,3,90,100,90,100,0,100,188
16:53:46.972 CAN::Logger:94265,49,769,0,0,3,181,12,0
16:53:46.976 CAN::Logger:94315,50,513,0,0,5,0,0,0,0,98
16:53:46.981 CAN::Logger:94315,49,768,0,0,8,3,90,100,90,100,0,100,173
16:53:46.984 CAN::Logger:94315,49,769,0,0,3,78,13,0
16:53:46.989 CAN::Logger:94325,50,515,0,0,8,0,0,0,0,0,0,0,0
16:53:46.993 CAN::Logger:94335,50,1025,0,0,8,53,159,0,0,70,0,0,0
16:53:46.997 CAN::Logger:94355,50,518,0,0,8,0,0,0,0,0,0,0,0
16:53:47.002 CAN::Logger:94355,50,1024,0,0,8,1,0,12,0,0,0,0,0
16:53:47.007 CAN::Logger:94365,49,768,0,0,8,3,90,100,90,100,0,100,190
16:53:47.010 CAN::Logger:94365,49,769,0,0,3,29,14,0
16:53:47.014 CAN::Logger:94415,50,513,0,0,5,0,0,0,0,98
16:53:47.019 CAN::Logger:94415,49,768,0,0,8,3,90,100,90,100,0,100,175
16:53:47.023 CAN::Logger:94415,49,769,0,0,3,232,15,0
16:53:47.027 CAN::Logger:94425,50,515,0,0,8,0,0,0,0,0,0,0,0
16:53:47.031 CAN::Logger:94435,50,1025,0,0,8,55,159,0,0,70,0,0,0
16:53:47.035 CAN::Logger:94455,50,518,0,0,8,0,0,0,0,0,0,0,0
16:53:47.041 CAN::Logger:94455,50,1024,0,0,8,1,0,12,0,0,0,0,0
16:53:47.045 CAN::Logger:94465,49,768,0,0,8,3,90,100,90,100,0,100,48
16:53:47.049 CAN::Logger:94465,49,769,0,0,3,226,0,0
16:53:47.052 CAN::Logger:94515,50,513,0,0,5,0,0,0,0,98
16:53:47.058 CAN::Logger:94515,49,768,0,0,8,3,90,100,90,100,0,100,33
16:53:47.061 CAN::Logger:94515,49,769,0,0,3,179,1,0
16:53:47.064 CAN::Logger:94525,50,515,0,0,8,0,0,0,0,0,0,0,0
16:53:47.070 CAN::Logger:94535,50,1025,0,0,8,55,159,0,0,70,0,0,0
16:53:47.073 CAN::Logger:94545,50,516,0,0,8,0,0,0,0,0,0,0,0
16:53:47.078 CAN::Logger:94555,50,518,0,0,8,0,0,0,0,0,0,0,0
16:53:47.082 CAN::Logger:94555,50,514,0,0,8,226,16,0,0,14,124,5,0
16:53:47.087 CAN::Logger:94555,50,1024,0,0,8,1,0,12,0,0,0,0,0
16:53:47.092 CAN::Logger:94565,49,768,0,0,8,3,90,100,90,100,0,100,50
16:53:47.095 CAN::Logger:94565,49,769,0,0,3,107,2,0
16:53:47.099 CAN::Logger:94615,50,513,0,0,5,0,0,0,0,98
16:53:47.104 CAN::Logger:94615,49,768,0,0,8,3,90,100,90,100,0,100,35
16:53:47.107 CAN::Logger:94615,49,769,0,0,3,150,3,0
16:53:47.112 CAN::Logger:94615,50,1026,0,0,8,88,0,0,0,200,170,8,0
16:53:47.116 CAN::Logger:94625,50,515,0,0,8,0,0,0,0,0,0,0,0
16:53:47.121 CAN::Logger:94635,50,1025,0,0,8,53,159,0,0,70,0,0,0
16:53:47.125 CAN::Logger:94655,50,518,0,0,8,0,0,0,0,0,0,0,0
16:53:47.129 CAN::Logger:94655,50,1024,0,0,8,1,0,12,0,0,0,0,0
16:53:47.135 CAN::Logger:94665,49,768,0,0,8,3,90,100,90,100,0,100,52
16:53:47.137 CAN::Logger:94665,49,769,0,0,3,3,4,0
16:53:47.630 CAN::Logger:94715,50,513,0,0,5,0,0,0,0,98
16:53:47.631 CAN::Logger:94715,49,768,0,0,8,3,90,100,90,100,0,100,37
16:53:47.631 CAN::Logger:94715,49,769,0,0,3,84,5,0
16:53:47.635 CAN::Logger:94725,50,515,0,0,8,0,0,0,0,0,0,0,0
16:53:47.640 CAN::Logger:94745,50,1025,0,0,8,53,159,0,0,70,0,0,0
16:53:47.644 CAN::Logger:94755,50,518,0,0,8,0,0,0,0,0,0,0,0
16:53:47.648 CAN::Logger:94765,50,1024,0,0,8,1,0,12,0,0,0,0,0
16:53:47.653 CAN::Logger:94765,49,768,0,0,8,3,90,100,90,100,0,100,54
16:53:47.657 CAN::Logger:94765,49,769,0,0,3,245,6,0
16:53:47.660 CAN::Logger:94815,50,513,0,0,5,0,0,0,0,98
16:53:47.665 CAN::Logger:94815,49,768,0,0,8,3,90,100,90,100,0,100,39
16:53:47.669 CAN::Logger:94815,49,769,0,0,3,184,7,0
16:53:47.673 CAN::Logger:94825,50,515,0,0,8,0,0,0,0,0,0,0,0
16:53:47.677 CAN::Logger:94845,50,1025,0,0,8,53,159,0,0,70,0,0,0
16:53:47.682 CAN::Logger:94855,50,518,0,0,8,0,0,0,0,0,0,0,0
16:53:47.686 CAN::Logger:94865,50,1024,0,0,8,1,0,12,0,0,0,0,0
16:53:47.691 CAN::Logger:94865,49,768,0,0,8,3,90,100,90,100,0,100,184
16:53:47.694 CAN::Logger:94865,49,769,0,0,3,128,8,0
16:53:47.698 CAN::Logger:94915,50,513,0,0,5,0,0,0,0,98
16:53:47.703 CAN::Logger:94915,49,768,0,0,8,3,90,100,90,100,0,100,169
16:53:47.707 CAN::Logger:94915,49,769,0,0,3,136,9,0
16:53:47.711 CAN::Logger:94925,50,515,0,0,8,0,0,0,0,0,0,0,0
16:53:47.716 CAN::Logger:94945,50,1025,0,0,8,53,159,0,0,70,0,0,0
16:53:47.720 CAN::Logger:94955,50,518,0,0,8,0,0,0,0,0,0,0,0
16:53:47.724 CAN::Logger:94965,50,1024,0,0,8,1,0,12,0,0,0,0,0
16:53:47.729 CAN::Logger:94965,49,768,0,0,8,3,90,100,90,100,0,100,186
16:53:47.733 CAN::Logger:94965,49,769,0,0,3,198,10,0
16:53:47.736 CAN::Logger:95015,50,513,0,0,5,0,0,0,0,98
16:53:47.741 CAN::Logger:95015,49,768,0,0,8,3,90,100,90,100,0,100,171
16:53:47.745 CAN::Logger:95015,49,769,0,0,3,67,11,0
16:53:47.749 CAN::Logger:95025,50,515,0,0,8,0,0,0,0,0,0,0,0
16:53:47.754 CAN::Logger:95045,50,1025,0,0,8,53,159,0,0,70,0,0,0
16:53:47.758 CAN::Logger:95055,50,518,0,0,8,0,0,0,0,0,0,0,0
16:53:47.762 CAN::Logger:95065,50,1024,0,0,8,1,0,12,0,0,0,0,0
16:53:47.767 CAN::Logger:95065,49,768,0,0,8,3,90,100,90,100,0,100,188
16:53:47.771 CAN::Logger:95065,49,769,0,0,3,181,12,0
16:53:47.774 CAN::Logger:95115,50,513,0,0,5,0,0,0,0,98
16:53:47.780 CAN::Logger:95115,49,768,0,0,8,3,90,100,90,100,0,100,173
16:53:47.783 CAN::Logger:95115,49,769,0,0,3,78,13,0
16:53:47.788 CAN::Logger:95125,50,1027,0,0,8,100,0,0,0,64,227,9,0
16:53:47.792 CAN::Logger:95125,50,515,0,0,8,0,0,0,0,0,0,0,0
16:53:47.796 CAN::Logger:95145,50,1025,0,0,8,53,159,0,0,70,0,0,0
16:53:47.801 CAN::Logger:95155,50,518,0,0,8,0,0,0,0,0,0,0,0
16:53:47.805 CAN::Logger:95165,50,1024,0,0,8,1,0,12,0,0,0,0,0
16:53:47.810 CAN::Logger:95165,49,768,0,0,8,3,90,100,90,100,0,100,190
16:53:47.813 CAN::Logger:95165,49,769,0,0,3,29,14,0
16:53:47.817 CAN::Logger:95215,50,513,0,0,5,0,0,0,0,98
16:53:47.822 CAN::Logger:95215,49,768,0,0,8,3,90,100,90,100,0,100,175
16:53:47.826 CAN::Logger:95215,49,769,0,0,3,232,15,0
16:53:47.830 CAN::Logger:95225,50,515,0,0,8,0,0,0,0,0,0,0,0
16:53:47.835 CAN::Logger:95245,50,1025,0,0,8,53,159,0,0,70,0,0,0
16:53:47.839 CAN::Logger:95255,50,518,0,0,8,0,0,0,0,0,0,0,0
16:53:47.843 CAN::Logger:95265,50,1024,0,0,8,1,0,12,0,0,0,0,0
16:53:47.848 CAN::Logger:95265,49,768,0,0,8,3,90,100,90,100,0,100,48
16:53:47.851 CAN::Logger:95265,49,769,0,0,3,226,0,0
16:53:47.855 CAN::Logger:95315,50,513,0,0,5,0,0,0,0,98
16:53:47.860 CAN::Logger:95315,49,768,0,0,8,3,90,100,90,100,0,100,33
16:53:47.864 CAN::Logger:95315,49,769,0,0,3,179,1,0
16:53:47.868 CAN::Logger:95325,50,515,0,0,8,0,0,0,0,0,0,0,0
16:53:47.872 CAN::Logger:95345,50,1025,0,0,8,53,159,0,0,70,0,0,0
16:53:47.877 CAN::Logger:95355,50,518,0,0,8,0,0,0,0,0,0,0,0
16:53:47.881 CAN::Logger:95365,50,1024,0,0,8,1,0,12,0,0,0,0,0
16:53:47.886 CAN::Logger:95365,49,768,0,0,8,3,90,100,90,100,0,100,50
16:53:47.889 CAN::Logger:95365,49,769,0,0,3,107,2,0
16:53:47.893 CAN::Logger:95415,50,513,0,0,5,0,0,0,0,98
16:53:47.898 CAN::Logger:95415,49,768,0,0,8,3,90,100,90,100,0,100,35
16:53:47.901 CAN::Logger:95415,49,769,0,0,3,150,3,0
16:53:47.906 CAN::Logger:95425,50,515,0,0,8,0,0,0,0,0,0,0,0
16:53:47.910 CAN::Logger:95445,50,1025,0,0,8,53,159,0,0,70,0,0,0
16:53:47.914 CAN::Logger:95455,50,518,0,0,8,0,0,0,0,0,0,0,0
16:53:47.919 CAN::Logger:95465,50,1024,0,0,8,1,0,12,0,0,0,0,0
16:53:47.924 CAN::Logger:95465,49,768,0,0,8,3,90,100,90,100,0,100,52
16:53:47.927 CAN::Logger:95465,49,769,0,0,3,3,4,0
16:53:48.140 D (96015) DiagnosticsService: Memory free: IRAM: 199040, DRAM: 199040[0m
16:53:48.421 CAN::Logger:95515,50,513,0,0,5,0,0,0,0,98
16:53:48.422 CAN::Logger:95515,49,768,0,0,8,3,90,100,90,100,0,100,37
16:53:48.422 CAN::Logger:95515,49,769,0,0,3,84,5,0
16:53:48.425 CAN::Logger:95525,50,515,0,0,8,0,0,0,0,0,0,0,0
16:53:48.429 CAN::Logger:95545,50,516,0,0,8,0,0,0,0,0,0,0,0
16:53:48.434 CAN::Logger:95545,50,1025,0,0,8,53,159,0,0,70,0,0,0
16:53:48.438 CAN::Logger:95555,50,518,0,0,8,0,0,0,0,0,0,0,0
16:53:48.443 CAN::Logger:95555,50,514,0,0,8,226,17,0,0,14,124,5,0
16:53:48.447 CAN::Logger:95565,50,1024,0,0,8,1,0,12,0,0,0,0,0
16:53:48.452 CAN::Logger:95565,49,768,0,0,8,3,90,100,90,100,0,100,54
16:53:48.455 CAN::Logger:95565,49,769,0,0,3,245,6,0
16:53:48.459 CAN::Logger:95615,50,513,0,0,5,0,0,0,0,98
16:53:48.464 CAN::Logger:95615,49,768,0,0,8,3,90,100,90,100,0,100,39
16:53:48.468 CAN::Logger:95615,49,769,0,0,3,184,7,0
16:53:48.472 CAN::Logger:95625,50,1026,0,0,8,88,0,0,0,200,170,8,0
16:53:48.476 CAN::Logger:95625,50,515,0,0,8,0,0,0,0,0,0,0,0
16:53:48.482 CAN::Logger:95645,50,1025,0,0,8,55,159,0,0,70,0,0,0
16:53:48.485 CAN::Logger:95655,50,518,0,0,8,0,0,0,0,0,0,0,0
16:53:48.490 CAN::Logger:95665,50,1024,0,0,8,1,0,12,0,0,0,0,0
16:53:48.496 CAN::Logger:95665,49,768,0,0,8,3,90,100,90,100,0,100,184
16:53:48.498 CAN::Logger:95665,49,769,0,0,3,128,8,0
16:53:48.502 CAN::Logger:95715,50,513,0,0,5,0,0,0,0,98
16:53:48.507 CAN::Logger:95715,49,768,0,0,8,3,90,100,90,100,0,100,169
16:53:48.510 CAN::Logger:95715,49,769,0,0,3,136,9,0
16:53:48.514 CAN::Logger:95725,50,515,0,0,8,0,0,0,0,0,0,0,0
16:53:48.520 CAN::Logger:95745,50,1025,0,0,8,55,159,0,0,70,0,0,0
16:53:48.523 CAN::Logger:95755,50,518,0,0,8,0,0,0,0,0,0,0,0
16:53:48.528 CAN::Logger:95765,50,1024,0,0,8,1,0,12,0,0,0,0,0
16:53:48.533 CAN::Logger:95765,49,768,0,0,8,3,90,100,90,100,0,100,186
16:53:48.536 CAN::Logger:95765,49,769,0,0,3,198,10,0
16:53:48.540 CAN::Logger:95815,50,513,0,0,5,0,0,0,0,98
16:53:48.545 CAN::Logger:95815,49,768,0,0,8,3,90,100,90,100,0,100,171
16:53:48.548 CAN::Logger:95815,49,769,0,0,3,67,11,0
16:53:48.553 CAN::Logger:95825,50,515,0,0,8,0,0,0,0,0,0,0,0
16:53:48.558 CAN::Logger:95845,50,1025,0,0,8,55,159,0,0,70,0,0,0
16:53:48.562 CAN::Logger:95855,50,518,0,0,8,0,0,0,0,0,0,0,0
16:53:48.566 CAN::Logger:95865,50,1024,0,0,8,1,0,12,0,0,0,0,0
16:53:48.572 CAN::Logger:95865,49,768,0,0,8,3,90,100,90,100,0,100,188
16:53:48.575 CAN::Logger:95865,49,769,0,0,3,181,12,0
16:53:48.578 CAN::Logger:95915,50,513,0,0,5,0,0,0,0,98
16:53:48.583 CAN::Logger:95915,49,768,0,0,8,3,90,100,90,100,0,100,173
16:53:48.586 CAN::Logger:95915,49,769,0,0,3,78,13,0
16:53:48.591 CAN::Logger:95925,50,515,0,0,8,0,0,0,0,0,0,0,0
16:53:48.595 CAN::Logger:95945,50,1025,0,0,8,53,159,0,0,70,0,0,0
16:53:48.599 CAN::Logger:95955,50,518,0,0,8,0,0,0,0,0,0,0,0
16:53:48.604 CAN::Logger:95965,50,1024,0,0,8,1,0,12,0,0,0,0,0
16:53:48.609 CAN::Logger:95965,49,768,0,0,8,3,90,100,90,100,0,100,190
16:53:48.612 CAN::Logger:95965,49,769,0,0,3,29,14,0
16:53:48.616 CAN::Logger:96015,50,513,0,0,5,0,0,0,0,98
16:53:48.621 CAN::Logger:96015,49,768,0,0,8,3,90,100,90,100,0,100,175
16:53:48.625 CAN::Logger:96015,49,769,0,0,3,232,15,0
16:53:48.629 CAN::Logger:96025,50,515,0,0,8,0,0,0,0,0,0,0,0
16:53:48.633 CAN::Logger:96045,50,1025,0,0,8,53,159,0,0,70,0,0,0
16:53:48.638 CAN::Logger:96055,50,518,0,0,8,0,0,0,0,0,0,0,0
16:53:48.642 CAN::Logger:96065,50,1024,0,0,8,1,0,12,0,0,0,0,0
16:53:48.647 CAN::Logger:96065,49,768,0,0,8,3,90,100,90,100,0,100,48
16:53:48.650 CAN::Logger:96065,49,769,0,0,3,226,0,0
16:53:48.654 CAN::Logger:96115,50,513,0,0,5,0,0,0,0,98
16:53:48.660 CAN::Logger:96115,49,768,0,0,8,3,90,100,90,100,0,100,33
16:53:48.663 CAN::Logger:96115,49,769,0,0,3,179,1,0
16:53:48.667 CAN::Logger:96125,50,1027,0,0,8,100,0,0,0,64,227,9,0
16:53:48.672 CAN::Logger:96125,50,515,0,0,8,0,0,0,0,0,0,0,0
16:53:48.676 CAN::Logger:96145,50,1025,0,0,8,55,159,0,0,69,0,0,0
16:53:48.680 CAN::Logger:96155,50,518,0,0,8,0,0,0,0,0,0,0,0
16:53:48.684 CAN::Logger:96165,50,1024,0,0,8,1,0,12,0,0,0,0,0
16:53:48.689 CAN::Logger:96165,49,768,0,0,8,3,90,100,90,100,0,100,50
16:53:48.694 CAN::Logger:96165,49,769,0,0,3,107,2,0
16:53:48.697 CAN::Logger:96215,50,513,0,0,5,0,0,0,0,98
16:53:48.701 CAN::Logger:96215,49,768,0,0,8,3,90,100,90,100,0,100,35
16:53:48.705 CAN::Logger:96215,49,769,0,0,3,150,3,0
16:53:48.709 CAN::Logger:96225,50,515,0,0,8,0,0,0,0,0,0,0,0
16:53:48.714 CAN::Logger:96245,50,1025,0,0,8,55,159,0,0,69,0,0,0
16:53:48.718 CAN::Logger:96255,50,518,0,0,8,0,0,0,0,0,0,0,0
16:53:48.722 CAN::Logger:96265,50,1024,0,0,8,1,0,12,0,0,0,0,0
16:53:48.728 CAN::Logger:96265,49,768,0,0,8,3,90,100,90,100,0,100,52
16:53:48.731 CAN::Logger:96265,49,769,0,0,3,3,4,0
16:53:49.230 CAN::Logger:96315,50,513,0,0,5,0,0,0,0,98
16:53:49.231 CAN::Logger:96315,49,768,0,0,8,3,90,100,90,100,0,100,37
16:53:49.231 CAN::Logger:96315,49,769,0,0,3,84,5,0
16:53:49.235 CAN::Logger:96325,50,515,0,0,8,0,0,0,0,0,0,0,0
16:53:49.240 CAN::Logger:96345,50,1025,0,0,8,55,159,0,0,70,0,0,0
16:53:49.244 CAN::Logger:96355,50,518,0,0,8,0,0,0,0,0,0,0,0
16:53:49.248 CAN::Logger:96365,50,1024,0,0,8,1,0,12,0,0,0,0,0
16:53:49.253 CAN::Logger:96365,49,768,0,0,8,3,90,100,90,100,0,100,54
16:53:49.257 CAN::Logger:96365,49,769,0,0,3,245,6,0
16:53:49.261 CAN::Logger:96415,50,513,0,0,5,0,0,0,0,98
16:53:49.266 CAN::Logger:96415,49,768,0,0,8,3,90,100,90,100,0,100,39
16:53:49.269 CAN::Logger:96415,49,769,0,0,3,184,7,0
16:53:49.273 CAN::Logger:96425,50,515,0,0,8,0,0,0,0,0,0,0,0
16:53:49.278 CAN::Logger:96445,50,1025,0,0,8,53,159,0,0,70,0,0,0
16:53:49.282 CAN::Logger:96455,50,518,0,0,8,0,0,0,0,0,0,0,0
16:53:49.286 CAN::Logger:96465,50,1024,0,0,8,1,0,12,0,0,0,0,0
16:53:49.292 CAN::Logger:96465,49,768,0,0,8,3,90,100,90,100,0,100,184
16:53:49.294 CAN::Logger:96465,49,769,0,0,3,128,8,0
16:53:49.298 CAN::Logger:96515,50,513,0,0,5,0,0,0,0,98
16:53:49.304 CAN::Logger:96515,49,768,0,0,8,3,90,100,90,100,0,100,169
16:53:49.307 CAN::Logger:96515,49,769,0,0,3,136,9,0
16:53:49.311 CAN::Logger:96525,50,515,0,0,8,0,0,0,0,0,0,0,0
16:53:49.315 CAN::Logger:96545,50,516,0,0,8,0,0,0,0,0,0,0,0
16:53:49.320 CAN::Logger:96545,50,1025,0,0,8,53,159,0,0,70,0,0,0
16:53:49.324 CAN::Logger:96555,50,518,0,0,8,0,0,0,0,0,0,0,0
16:53:49.328 CAN::Logger:96555,50,514,0,0,8,226,17,0,0,14,124,5,0
16:53:49.333 CAN::Logger:96565,50,1024,0,0,8,1,0,12,0,0,0,0,0
16:53:49.338 CAN::Logger:96565,50,1638,0,0,8,82,8,5,0,82,149,54,2
16:53:49.343 CAN::Logger:96565,49,768,0,0,8,3,90,100,90,100,0,100,186
16:53:49.346 CAN::Logger:96565,49,769,0,0,3,198,10,0
16:53:49.352 CAN::Logger:96575,50,1637,0,0,8,0,0,0,83,76,24,83,0
16:53:49.355 CAN::Logger:96585,50,512,0,0,8,88,0,200,170,8,0,2,0
16:53:49.359 CAN::Logger:96615,50,513,0,0,5,0,0,0,0,98
16:53:49.365 CAN::Logger:96615,49,768,0,0,8,3,90,100,90,100,0,100,171
16:53:49.369 CAN::Logger:96615,49,769,0,0,3,67,11,0
16:53:49.372 CAN::Logger:96625,50,1026,0,0,8,88,0,0,0,200,170,8,0
16:53:49.376 CAN::Logger:96625,50,515,0,0,8,0,0,0,0,0,0,0,0
16:53:49.381 CAN::Logger:96645,50,1025,0,0,8,53,159,0,0,70,0,0,0
16:53:49.386 CAN::Logger:96655,50,518,0,0,8,0,0,0,0,0,0,0,0
16:53:49.390 CAN::Logger:96665,50,1024,0,0,8,1,0,12,0,0,0,0,0
16:53:49.395 CAN::Logger:96665,49,768,0,0,8,3,90,100,90,100,0,100,188
16:53:49.398 CAN::Logger:96665,49,769,0,0,3,181,12,0
16:53:49.402 CAN::Logger:96715,50,513,0,0,5,0,0,0,0,98
16:53:49.407 CAN::Logger:96715,49,768,0,0,8,3,90,100,90,100,0,100,173
16:53:49.410 CAN::Logger:96715,49,769,0,0,3,78,13,0
16:53:49.414 CAN::Logger:96725,50,515,0,0,8,0,0,0,0,0,0,0,0
16:53:49.419 CAN::Logger:96745,50,1025,0,0,8,53,159,0,0,70,0,0,0
16:53:49.423 CAN::Logger:96755,50,518,0,0,8,0,0,0,0,0,0,0,0
16:53:49.429 CAN::Logger:96765,50,1024,0,0,8,1,0,12,0,0,0,0,0
16:53:49.433 CAN::Logger:96765,49,768,0,0,8,3,90,100,90,100,0,100,190
16:53:49.436 CAN::Logger:96765,49,769,0,0,3,29,14,0
16:53:49.440 CAN::Logger:96815,50,513,0,0,5,0,0,0,0,98
16:53:49.446 CAN::Logger:96815,49,768,0,0,8,3,90,100,90,100,0,100,175
16:53:49.449 CAN::Logger:96815,49,769,0,0,3,232,15,0
16:53:49.453 CAN::Logger:96825,50,515,0,0,8,0,0,0,0,0,0,0,0
16:53:49.457 CAN::Logger:96845,50,1025,0,0,8,53,159,0,0,70,0,0,0
16:53:49.462 CAN::Logger:96855,50,518,0,0,8,0,0,0,0,0,0,0,0
16:53:49.467 CAN::Logger:96865,50,1024,0,0,8,1,0,12,0,0,0,0,0
16:53:49.471 CAN::Logger:96865,49,768,0,0,8,3,90,100,90,100,0,100,48
16:53:49.474 CAN::Logger:96865,49,769,0,0,3,226,0,0
16:53:49.478 CAN::Logger:96915,50,513,0,0,5,0,0,0,0,98
16:53:49.483 CAN::Logger:96915,49,768,0,0,8,3,90,100,90,100,0,100,33
16:53:49.486 CAN::Logger:96915,49,769,0,0,3,179,1,0
16:53:49.491 CAN::Logger:96925,50,515,0,0,8,0,0,0,0,0,0,0,0
16:53:49.495 CAN::Logger:96945,50,1025,0,0,8,53,159,0,0,70,0,0,0
16:53:49.499 CAN::Logger:96955,50,518,0,0,8,0,0,0,0,0,0,0,0
16:53:49.505 CAN::Logger:96965,50,1024,0,0,8,1,0,12,0,0,0,0,0
16:53:49.509 CAN::Logger:96965,49,768,0,0,8,3,90,100,90,100,0,100,50
16:53:49.512 CAN::Logger:96965,49,769,0,0,3,107,2,0
16:53:49.516 CAN::Logger:97015,50,513,0,0,5,0,0,0,0,98
16:53:49.521 CAN::Logger:97015,49,768,0,0,8,3,90,100,90,100,0,100,35
16:53:49.524 CAN::Logger:97015,49,769,0,0,3,150,3,0
16:53:49.528 CAN::Logger:97025,50,515,0,0,8,0,0,0,0,0,0,0,0
16:53:49.533 CAN::Logger:97045,50,1025,0,0,8,53,159,0,0,70,0,0,0
16:53:49.537 CAN::Logger:97055,50,518,0,0,8,0,0,0,0,0,0,0,0
16:53:49.542 CAN::Logger:97065,50,1024,0,0,8,1,0,12,0,0,0,0,0
16:53:49.546 CAN::Logger:97065,49,768,0,0,8,3,90,100,90,100,0,100,52
16:53:49.550 CAN::Logger:97065,49,769,0,0,3,3,4,0
16:53:50.040 CAN::Logger:97115,50,513,0,0,5,0,0,0,0,98
16:53:50.041 CAN::Logger:97115,49,768,0,0,8,3,90,100,90,100,0,100,37
16:53:50.042 CAN::Logger:97115,49,769,0,0,3,84,5,0
16:53:50.046 CAN::Logger:97125,50,1027,0,0,8,100,0,0,0,64,227,9,0
16:53:50.050 CAN::Logger:97125,50,515,0,0,8,0,0,0,0,0,0,0,0
16:53:50.054 CAN::Logger:97145,50,1025,0,0,8,53,159,0,0,70,0,0,0
16:53:50.058 CAN::Logger:97155,50,518,0,0,8,0,0,0,0,0,0,0,0
16:53:50.063 CAN::Logger:97165,50,1024,0,0,8,1,0,12,0,0,0,0,0
16:53:50.068 CAN::Logger:97165,49,768,0,0,8,3,90,100,90,100,0,100,54
16:53:50.071 CAN::Logger:97165,49,769,0,0,3,245,6,0
16:53:50.075 CAN::Logger:97215,50,513,0,0,5,0,0,0,0,98
16:53:50.080 CAN::Logger:97215,49,768,0,0,8,3,90,100,90,100,0,100,39
16:53:50.083 CAN::Logger:97215,49,769,0,0,3,184,7,0
16:53:50.088 CAN::Logger:97225,50,515,0,0,8,0,0,0,0,0,0,0,0
16:53:50.093 CAN::Logger:97245,50,1025,0,0,8,53,159,0,0,70,0,0,0
16:53:50.096 CAN::Logger:97255,50,518,0,0,8,0,0,0,0,0,0,0,0
16:53:50.101 CAN::Logger:97265,50,1024,0,0,8,1,0,12,0,0,0,0,0
16:53:50.107 CAN::Logger:97265,49,768,0,0,8,3,90,100,90,100,0,100,184
16:53:50.109 CAN::Logger:97265,49,769,0,0,3,128,8,0
16:53:50.113 CAN::Logger:97315,50,513,0,0,5,0,0,0,0,98
16:53:50.118 CAN::Logger:97315,49,768,0,0,8,3,90,100,90,100,0,100,169
16:53:50.122 CAN::Logger:97315,49,769,0,0,3,136,9,0
16:53:50.126 CAN::Logger:97325,50,515,0,0,8,0,0,0,0,0,0,0,0
16:53:50.130 CAN::Logger:97345,50,1025,0,0,8,53,159,0,0,70,0,0,0
16:53:50.134 CAN::Logger:97355,50,518,0,0,8,0,0,0,0,0,0,0,0
16:53:50.139 CAN::Logger:97365,50,1024,0,0,8,1,0,12,0,0,0,0,0
16:53:50.144 CAN::Logger:97365,49,768,0,0,8,3,90,100,90,100,0,100,186
16:53:50.148 CAN::Logger:97365,49,769,0,0,3,198,10,0
16:53:50.151 CAN::Logger:97415,50,513,0,0,5,0,0,0,0,98
16:53:50.156 CAN::Logger:97415,49,768,0,0,8,3,90,100,90,100,0,100,171
16:53:50.160 CAN::Logger:97415,49,769,0,0,3,67,11,0
16:53:50.164 CAN::Logger:97425,50,515,0,0,8,0,0,0,0,0,0,0,0
16:53:50.168 CAN::Logger:97445,50,1025,0,0,8,53,159,0,0,70,0,0,0
16:53:50.173 CAN::Logger:97455,50,518,0,0,8,0,0,0,0,0,0,0,0
16:53:50.177 CAN::Logger:97465,50,1024,0,0,8,1,0,12,0,0,0,0,0
16:53:50.182 CAN::Logger:97465,49,768,0,0,8,3,90,100,90,100,0,100,188
16:53:50.185 CAN::Logger:97465,49,769,0,0,3,181,12,0
16:53:50.190 CAN::Logger:97515,50,513,0,0,5,0,0,0,0,98
16:53:50.194 CAN::Logger:97515,49,768,0,0,8,3,90,100,90,100,0,100,173
16:53:50.198 CAN::Logger:97515,49,769,0,0,3,78,13,0
16:53:50.202 CAN::Logger:97525,50,515,0,0,8,0,0,0,0,0,0,0,0
16:53:50.206 CAN::Logger:97545,50,516,0,0,8,0,0,0,0,0,0,0,0
16:53:50.212 CAN::Logger:97545,50,1025,0,0,8,53,159,0,0,70,0,0,0
16:53:50.215 CAN::Logger:97555,50,518,0,0,8,0,0,0,0,0,0,0,0
16:53:50.220 CAN::Logger:97555,50,514,0,0,8,226,17,0,0,14,124,5,0
16:53:50.224 CAN::Logger:97565,50,1024,0,0,8,1,0,12,0,0,0,0,0
16:53:50.229 CAN::Logger:97565,49,768,0,0,8,3,90,100,90,100,0,100,190
16:53:50.232 CAN::Logger:97565,49,769,0,0,3,29,14,0
16:53:50.236 CAN::Logger:97615,50,513,0,0,5,0,0,0,0,98
16:53:50.241 CAN::Logger:97615,49,768,0,0,8,3,90,100,90,100,0,100,175
16:53:50.245 CAN::Logger:97615,49,769,0,0,3,232,15,0
16:53:50.250 CAN::Logger:97625,50,1026,0,0,8,88,0,0,0,200,170,8,0
16:53:50.253 CAN::Logger:97625,50,515,0,0,8,0,0,0,0,0,0,0,0
16:53:50.258 CAN::Logger:97645,50,1025,0,0,8,53,159,0,0,69,0,0,0
16:53:50.262 CAN::Logger:97655,50,518,0,0,8,0,0,0,0,0,0,0,0
16:53:50.267 CAN::Logger:97665,50,1024,0,0,8,1,0,12,0,0,0,0,0
16:53:50.271 CAN::Logger:97665,49,768,0,0,8,3,90,100,90,100,0,100,48
16:53:50.275 CAN::Logger:97665,49,769,0,0,3,226,0,0
16:53:50.279 CAN::Logger:97715,50,513,0,0,5,0,0,0,0,98
16:53:50.284 CAN::Logger:97715,49,768,0,0,8,3,90,100,90,100,0,100,33
16:53:50.287 CAN::Logger:97715,49,769,0,0,3,179,1,0
16:53:50.291 CAN::Logger:97725,50,515,0,0,8,0,0,0,0,0,0,0,0
16:53:50.296 CAN::Logger:97745,50,1025,0,0,8,53,159,0,0,69,0,0,0
16:53:50.300 CAN::Logger:97755,50,518,0,0,8,0,0,0,0,0,0,0,0
16:53:50.304 CAN::Logger:97765,50,1024,0,0,8,1,0,12,0,0,0,0,0
16:53:50.309 CAN::Logger:97765,49,768,0,0,8,3,90,100,90,100,0,100,50
16:53:50.313 CAN::Logger:97765,49,769,0,0,3,107,2,0
16:53:50.317 CAN::Logger:97815,50,513,0,0,5,0,0,0,0,98
16:53:50.322 CAN::Logger:97815,49,768,0,0,8,3,90,100,90,100,0,100,35
16:53:50.325 CAN::Logger:97815,49,769,0,0,3,150,3,0
16:53:50.329 CAN::Logger:97825,50,515,0,0,8,0,0,0,0,0,0,0,0
16:53:50.334 CAN::Logger:97845,50,1025,0,0,8,53,159,0,0,70,0,0,0
16:53:50.338 CAN::Logger:97855,50,518,0,0,8,0,0,0,0,0,0,0,0
16:53:50.342 CAN::Logger:97865,50,1024,0,0,8,1,0,12,0,0,0,0,0
16:53:50.347 CAN::Logger:97865,49,768,0,0,8,3,90,100,90,100,0,100,52
16:53:50.350 CAN::Logger:97865,49,769,0,0,3,3,4,0
16:53:50.850 CAN::Logger:97915,50,513,0,0,5,0,0,0,0,98
16:53:50.851 CAN::Logger:97915,49,768,0,0,8,3,90,100,90,100,0,100,37
16:53:50.851 CAN::Logger:97915,49,769,0,0,3,84,5,0
16:53:50.855 CAN::Logger:97925,50,515,0,0,8,0,0,0,0,0,0,0,0
16:53:50.860 CAN::Logger:97945,50,1025,0,0,8,55,159,0,0,70,0,0,0
16:53:50.864 CAN::Logger:97955,50,518,0,0,8,0,0,0,0,0,0,0,0
16:53:50.868 CAN::Logger:97965,50,1024,0,0,8,1,0,12,0,0,0,0,0
16:53:50.873 CAN::Logger:97965,49,768,0,0,8,3,90,100,90,100,0,100,54
16:53:50.876 CAN::Logger:97965,49,769,0,0,3,245,6,0
16:53:50.880 CAN::Logger:98015,50,513,0,0,5,0,0,0,0,98
16:53:50.886 CAN::Logger:98015,49,768,0,0,8,3,90,100,90,100,0,100,39
16:53:50.889 CAN::Logger:98015,49,769,0,0,3,184,7,0
16:53:50.893 CAN::Logger:98025,50,515,0,0,8,0,0,0,0,0,0,0,0
16:53:50.898 CAN::Logger:98045,50,1025,0,0,8,55,159,0,0,70,0,0,0
16:53:50.902 CAN::Logger:98055,50,518,0,0,8,0,0,0,0,0,0,0,0
16:53:50.906 CAN::Logger:98065,50,1024,0,0,8,1,0,12,0,0,0,0,0
16:53:50.911 CAN::Logger:98065,49,768,0,0,8,3,90,100,90,100,0,100,184
16:53:50.915 CAN::Logger:98065,49,769,0,0,3,128,8,0
16:53:50.918 CAN::Logger:98115,50,513,0,0,5,0,0,0,0,98
16:53:50.924 CAN::Logger:98115,49,768,0,0,8,3,90,100,90,100,0,100,169
16:53:50.927 CAN::Logger:98115,49,769,0,0,3,136,9,0
16:53:50.932 CAN::Logger:98125,50,1027,0,0,8,100,0,0,0,64,227,9,0
16:53:50.936 CAN::Logger:98125,50,515,0,0,8,0,0,0,0,0,0,0,0
16:53:50.940 CAN::Logger:98145,50,1025,0,0,8,53,159,0,0,69,0,0,0
16:53:50.944 CAN::Logger:98155,50,518,0,0,8,0,0,0,0,0,0,0,0
16:53:50.949 CAN::Logger:98165,50,1024,0,0,8,1,0,12,0,0,0,0,0
16:53:50.954 CAN::Logger:98165,49,768,0,0,8,3,90,100,90,100,0,100,186
16:53:50.957 CAN::Logger:98165,49,769,0,0,3,198,10,0
16:53:50.961 CAN::Logger:98215,50,513,0,0,5,0,0,0,0,98
16:53:50.966 CAN::Logger:98215,49,768,0,0,8,3,90,100,90,100,0,100,171
16:53:50.969 CAN::Logger:98215,49,769,0,0,3,67,11,0
16:53:50.975 CAN::Logger:98225,50,515,0,0,8,0,0,0,0,0,0,0,0
16:53:50.978 CAN::Logger:98245,50,1025,0,0,8,53,159,0,0,69,0,0,0
16:53:50.983 CAN::Logger:98255,50,518,0,0,8,0,0,0,0,0,0,0,0
16:53:50.987 CAN::Logger:98265,49,768,0,0,8,3,90,100,90,100,0,100,188
16:53:50.992 CAN::Logger:98265,50,1024,0,0,8,1,0,12,0,0,0,0,0
16:53:50.995 CAN::Logger:98265,49,769,0,0,3,181,12,0
16:53:50.999 CAN::Logger:98315,50,513,0,0,5,0,0,0,0,98
16:53:51.005 CAN::Logger:98315,49,768,0,0,8,3,90,100,90,100,0,100,173
16:53:51.008 CAN::Logger:98315,49,769,0,0,3,78,13,0
16:53:51.012 CAN::Logger:98325,50,515,0,0,8,0,0,0,0,0,0,0,0
16:53:51.016 CAN::Logger:98345,50,1025,0,0,8,53,159,0,0,70,0,0,0
16:53:51.021 CAN::Logger:98355,50,518,0,0,8,0,0,0,0,0,0,0,0
16:53:51.027 CAN::Logger:98365,49,768,0,0,8,3,90,100,90,100,0,100,190
16:53:51.029 CAN::Logger:98365,49,769,0,0,3,29,14,0
16:53:51.034 CAN::Logger:98365,50,1024,0,0,8,1,0,12,0,0,0,0,0
16:53:51.037 CAN::Logger:98415,50,513,0,0,5,0,0,0,0,98
16:53:51.042 CAN::Logger:98415,49,768,0,0,8,3,90,100,90,100,0,100,175
16:53:51.046 CAN::Logger:98415,49,769,0,0,3,232,15,0
16:53:51.050 CAN::Logger:98425,50,515,0,0,8,0,0,0,0,0,0,0,0
16:53:51.055 CAN::Logger:98445,50,1025,0,0,8,55,159,0,0,70,0,0,0
16:53:51.059 CAN::Logger:98455,50,518,0,0,8,0,0,0,0,0,0,0,0
16:53:51.065 CAN::Logger:98465,49,768,0,0,8,3,90,100,90,100,0,100,48
16:53:51.068 CAN::Logger:98465,49,769,0,0,3,226,0,0
16:53:51.072 CAN::Logger:98465,50,1024,0,0,8,1,0,12,0,0,0,0,0
16:53:51.075 CAN::Logger:98515,50,513,0,0,5,0,0,0,0,98
16:53:51.080 CAN::Logger:98515,49,768,0,0,8,3,90,100,90,100,0,100,33
16:53:51.083 CAN::Logger:98515,49,769,0,0,3,179,1,0
16:53:51.088 CAN::Logger:98525,50,515,0,0,8,0,0,0,0,0,0,0,0
16:53:51.093 CAN::Logger:98545,50,516,0,0,8,0,0,0,0,0,0,0,0
16:53:51.097 CAN::Logger:98545,50,1025,0,0,8,55,159,0,0,70,0,0,0
16:53:51.101 CAN::Logger:98555,50,518,0,0,8,0,0,0,0,0,0,0,0
16:53:51.105 CAN::Logger:98555,50,514,0,0,8,226,17,0,0,14,124,5,0
16:53:51.111 CAN::Logger:98565,49,768,0,0,8,3,90,100,90,100,0,100,50
16:53:51.114 CAN::Logger:98565,49,769,0,0,3,107,2,0
16:53:51.118 CAN::Logger:98565,50,1024,0,0,8,1,0,12,0,0,0,0,0
16:53:51.122 CAN::Logger:98615,50,513,0,0,5,0,0,0,0,98
16:53:51.127 CAN::Logger:98615,49,768,0,0,8,3,90,100,90,100,0,100,35
16:53:51.130 CAN::Logger:98615,49,769,0,0,3,150,3,0
16:53:51.135 CAN::Logger:98625,50,1026,0,0,8,88,0,0,0,200,170,8,0
16:53:51.139 CAN::Logger:98625,50,515,0,0,8,0,0,0,0,0,0,0,0
16:53:51.144 CAN::Logger:98645,50,1025,0,0,8,53,159,0,0,70,0,0,0
16:53:51.148 CAN::Logger:98655,50,518,0,0,8,0,0,0,0,0,0,0,0
16:53:51.153 CAN::Logger:98665,49,768,0,0,8,3,90,100,90,100,0,100,52
16:53:51.157 CAN::Logger:98665,49,769,0,0,3,3,4,0
16:53:51.160 CAN::Logger:98665,50,1024,0,0,8,1,0,12,0,0,0,0,0
16:53:51.164 CAN::Logger:98715,50,513,0,0,5,0,0,0,0,98
16:53:51.169 CAN::Logger:98715,49,768,0,0,8,3,90,100,90,100,0,100,37
16:53:51.172 CAN::Logger:98715,49,769,0,0,3,84,5,0
16:53:51.670 CAN::Logger:98725,50,515,0,0,8,0,0,0,0,0,0,0,0
16:53:51.671 CAN::Logger:98745,50,1025,0,0,8,53,159,0,0,70,0,0,0
16:53:51.672 CAN::Logger:98755,50,518,0,0,8,0,0,0,0,0,0,0,0
16:53:51.671 CAN::Logger:98765,49,768,0,0,8,3,90,100,90,100,0,100,54
16:53:51.680 CAN::Logger:98765,49,769,0,0,3,245,6,0
16:53:51.684 CAN::Logger:98765,50,1024,0,0,8,1,0,12,0,0,0,0,0
16:53:51.688 CAN::Logger:98815,50,513,0,0,5,0,0,0,0,98
16:53:51.693 CAN::Logger:98815,49,768,0,0,8,3,90,100,90,100,0,100,39
16:53:51.697 CAN::Logger:98815,49,769,0,0,3,184,7,0
16:53:51.701 CAN::Logger:98825,50,515,0,0,8,0,0,0,0,0,0,0,0
16:53:51.706 CAN::Logger:98845,50,1025,0,0,8,53,159,0,0,70,0,0,0
16:53:51.711 CAN::Logger:98855,50,518,0,0,8,0,0,0,0,0,0,0,0
16:53:51.715 CAN::Logger:98865,49,768,0,0,8,3,90,100,90,100,0,100,184
16:53:51.719 CAN::Logger:98865,49,769,0,0,3,128,8,0
16:53:51.722 CAN::Logger:98865,50,1024,0,0,8,1,0,12,0,0,0,0,0
16:53:51.726 CAN::Logger:98915,50,513,0,0,5,0,0,0,0,98
16:53:51.731 CAN::Logger:98915,49,768,0,0,8,3,90,100,90,100,0,100,169
16:53:51.736 CAN::Logger:98915,49,769,0,0,3,136,9,0
16:53:51.739 CAN::Logger:98925,50,515,0,0,8,0,0,0,0,0,0,0,0
16:53:51.743 CAN::Logger:98955,50,1025,0,0,8,53,159,0,0,70,0,0,0
16:53:51.748 CAN::Logger:98955,50,518,0,0,8,0,0,0,0,0,0,0,0
16:53:51.753 CAN::Logger:98965,49,768,0,0,8,3,90,100,90,100,0,100,186
16:53:51.756 CAN::Logger:98965,49,769,0,0,3,198,10,0
16:53:51.761 CAN::Logger:98975,50,1024,0,0,8,1,0,12,0,0,0,0,0
16:53:51.764 CAN::Logger:99015,50,513,0,0,5,0,0,0,0,98
16:53:51.769 CAN::Logger:99015,49,768,0,0,8,3,90,100,90,100,0,100,171
16:53:51.774 CAN::Logger:99015,49,769,0,0,3,67,11,0
16:53:51.776 CAN::Logger:99015,49,1028,0,0,2,74,0
16:53:51.780 CAN::Logger:99025,50,1029,0,0,8,74,0,0,0,6,0,0,0
16:53:51.785 CAN::Logger:99025,50,515,0,0,8,0,0,0,0,0,0,0,0
16:53:51.788 CAN::Logger:99045,49,1028,0,0,2,2,48
16:53:51.792 CAN::Logger:99045,50,1029,0,0,7,2,48,0,0,0,0,0
16:53:51.797 CAN::Logger:99055,50,1025,0,0,8,53,159,0,0,70,0,0,0
16:53:51.802 CAN::Logger:99055,50,518,0,0,8,0,0,0,0,0,0,0,0
16:53:51.806 CAN::Logger:99065,49,768,0,0,8,3,90,100,90,100,0,100,188
16:53:51.809 CAN::Logger:99065,49,769,0,0,3,181,12,0
16:53:51.814 CAN::Logger:99075,50,1024,0,0,8,1,0,12,0,0,0,0,0
16:53:51.817 CAN::Logger:99085,49,1028,0,0,2,68,0
16:53:51.821 CAN::Logger:99085,50,1029,0,0,6,68,0,0,0,80,70
16:53:51.824 CAN::Logger:99115,49,1028,0,0,2,1,0
16:53:51.829 CAN::Logger:99115,50,1029,0,0,8,1,0,0,0,0,4,6,4
16:53:51.832 CAN::Logger:99115,50,513,0,0,5,0,0,0,0,98
16:53:51.837 CAN::Logger:99115,49,768,0,0,8,3,90,100,90,100,0,100,173
16:53:51.841 CAN::Logger:99115,49,769,0,0,3,78,13,0
16:53:51.845 CAN::Logger:99135,50,515,0,0,8,0,0,0,0,0,0,0,0
16:53:51.850 CAN::Logger:99135,50,1027,0,0,8,100,0,0,0,64,227,9,0
16:53:51.853 CAN::Logger:99145,49,1028,0,0,2,163,1
16:53:51.857 CAN::Logger:99145,50,1029,0,0,5,163,1,0,0,6
16:53:51.862 CAN::Logger:99155,50,1025,0,0,8,53,159,0,0,69,0,0,0
16:53:51.867 CAN::Logger:99155,50,518,0,0,8,0,0,0,0,0,0,0,0
16:53:51.871 CAN::Logger:99165,49,768,0,0,8,3,90,100,90,100,0,100,190
16:53:51.874 CAN::Logger:99165,49,769,0,0,3,29,14,0
16:53:51.879 CAN::Logger:99175,50,1024,0,0,8,1,0,12,0,0,0,0,0
16:53:51.882 CAN::Logger:99175,49,1028,0,0,2,32,0
16:53:51.887 CAN::Logger:99175,50,1029,0,0,8,32,0,0,0,50,51,54,71
16:53:51.890 CAN::Logger:99205,49,1028,0,0,2,33,0
16:53:51.895 CAN::Logger:99205,50,1029,0,0,8,33,0,0,0,53,76,65,49
16:53:51.898 CAN::Logger:99215,50,513,0,0,5,0,0,0,0,98
16:53:51.903 CAN::Logger:99215,49,768,0,0,8,3,90,100,90,100,0,100,175
16:53:51.908 CAN::Logger:99215,49,769,0,0,3,232,15,0
16:53:51.911 CAN::Logger:99235,50,515,0,0,8,0,0,0,0,0,0,0,0
16:53:51.914 CAN::Logger:99245,49,1028,0,0,2,34,0
16:53:51.920 CAN::Logger:99245,50,1029,0,0,8,34,0,0,0,48,48,52,82
16:53:51.924 CAN::Logger:99255,50,1025,0,0,8,53,159,0,0,69,0,0,0
16:53:51.928 CAN::Logger:99255,50,518,0,0,8,0,0,0,0,0,0,0,0
16:53:51.931 CAN::Logger:99265,49,1028,0,0,2,35,0
16:53:51.936 CAN::Logger:99265,49,768,0,0,8,3,90,100,90,100,0,100,48
16:53:51.941 CAN::Logger:99265,50,1029,0,0,8,35,0,0,0,77,48,48,48
16:53:51.945 CAN::Logger:99265,49,769,0,0,3,226,0,0
16:53:51.950 CAN::Logger:99275,50,1024,0,0,8,1,0,12,0,0,0,0,0
16:53:51.952 CAN::Logger:99295,49,1028,0,0,2,36,0
16:53:51.957 CAN::Logger:99295,50,1029,0,0,8,36,0,0,0,48,48,48,48
16:53:51.961 CAN::Logger:99315,50,513,0,0,5,0,0,0,0,98
16:53:51.966 CAN::Logger:99315,49,768,0,0,8,3,90,100,90,100,0,100,33
16:53:51.969 CAN::Logger:99315,49,769,0,0,3,179,1,0
16:53:51.973 CAN::Logger:99335,50,515,0,0,8,0,0,0,0,0,0,0,0
16:53:51.976 CAN::Logger:99335,49,1028,0,0,2,37,0
16:53:51.981 CAN::Logger:99335,50,1029,0,0,8,37,0,0,0,48,48,48,48
16:53:51.985 CAN::Logger:99355,50,1025,0,0,8,53,159,0,0,70,0,0,0
16:53:51.990 CAN::Logger:99355,50,518,0,0,8,0,0,0,0,0,0,0,0
16:53:51.993 CAN::Logger:99365,49,1028,0,0,2,38,0
16:53:51.999 CAN::Logger:99365,50,1029,0,0,8,38,0,0,0,48,48,48,48
16:53:52.004 CAN::Logger:99365,49,768,0,0,8,3,90,100,90,100,0,100,50
16:53:52.006 CAN::Logger:99365,49,769,0,0,3,107,2,0
16:53:52.010 CAN::Logger:99375,50,1024,0,0,8,1,0,12,0,0,0,0,0
16:53:52.014 CAN::Logger:99395,49,1028,0,0,2,39,0
16:53:52.019 CAN::Logger:99395,50,1029,0,0,6,39,0,0,0,48,48
16:53:52.022 CAN::Logger:99415,50,513,0,0,5,0,0,0,0,98
16:53:52.027 CAN::Logger:99415,49,768,0,0,8,3,90,100,90,100,0,100,35
16:53:52.030 CAN::Logger:99415,49,769,0,0,3,150,3,0
16:53:52.033 CAN::Logger:99425,49,1028,0,0,2,76,0
16:53:52.038 CAN::Logger:99425,50,1029,0,0,8,76,0,0,0,1,36,0,0
16:53:52.042 CAN::Logger:99435,50,515,0,0,8,0,0,0,0,0,0,0,0
16:53:52.047 CAN::Logger:99455,50,1025,0,0,8,53,159,0,0,70,0,0,0
16:53:52.051 CAN::Logger:99455,50,518,0,0,8,0,0,0,0,0,0,0,0
16:53:52.054 CAN::Logger:99455,49,1028,0,0,2,70,0
16:53:52.058 CAN::Logger:99455,50,1029,0,0,5,70,0,0,0,0
16:53:52.064 CAN::Logger:99465,49,768,0,0,8,3,90,100,90,100,0,100,52
16:53:52.066 CAN::Logger:99465,49,769,0,0,3,3,4,0
16:53:52.070 CAN::Logger:99475,50,1024,0,0,8,1,0,12,0,0,0,0,0
16:53:52.074 CAN::Logger:99485,49,1028,0,0,2,77,0
16:53:52.078 CAN::Logger:99485,50,1029,0,0,8,77,0,0,0,0,0,0,0
16:53:52.081 CAN::Logger:99515,49,1028,0,0,2,80,0
16:53:52.085 CAN::Logger:99515,50,513,0,0,5,0,0,0,0,98
16:53:52.090 CAN::Logger:99515,49,768,0,0,8,3,90,100,90,100,0,100,37
16:53:52.096 CAN::Logger:99515,50,1029,0,0,8,80,0,0,0,129,0,128,0
16:53:52.098 CAN::Logger:99515,49,769,0,0,3,84,5,0
16:53:52.102 CAN::Logger:99535,50,515,0,0,8,0,0,0,0,0,0,0,0
16:53:52.600 CAN::Logger:99545,50,516,0,0,8,0,0,0,0,0,0,0,0
16:53:52.601 CAN::Logger:99555,50,1025,0,0,8,53,159,0,0,70,0,0,0
16:53:52.601 CAN::Logger:99555,50,518,0,0,8,0,0,0,0,0,0,0,0
16:53:52.605 CAN::Logger:99555,49,1028,0,0,2,2,0
16:53:52.610 CAN::Logger:99555,50,514,0,0,8,226,16,0,0,14,124,5,0
16:53:52.614 CAN::Logger:99555,50,1029,0,0,8,2,0,0,0,83,73,67,84
16:53:52.619 CAN::Logger:99565,50,1638,0,0,8,82,8,5,0,82,149,54,2
16:53:52.624 CAN::Logger:99565,49,768,0,0,8,3,90,100,90,100,0,100,54
16:53:52.627 CAN::Logger:99565,49,769,0,0,3,245,6,0
16:53:52.632 CAN::Logger:99575,50,1024,0,0,8,1,0,12,0,0,0,0,0
16:53:52.636 CAN::Logger:99575,50,1637,0,0,8,0,0,0,83,76,24,83,0
16:53:52.639 CAN::Logger:99585,49,1028,0,0,2,10,0
16:53:52.644 CAN::Logger:99585,50,1029,0,0,8,10,0,0,0,48,58,0,0
16:53:52.649 CAN::Logger:99595,50,512,0,0,8,88,0,200,170,8,0,0,0
16:53:52.652 CAN::Logger:99615,49,1028,0,0,2,4,0
16:53:52.656 CAN::Logger:99615,50,1029,0,0,7,4,0,0,0,22,9,2
16:53:52.661 CAN::Logger:99615,50,513,0,0,5,0,0,0,0,98
16:53:52.665 CAN::Logger:99615,49,768,0,0,8,3,90,100,90,100,0,100,39
16:53:52.668 CAN::Logger:99615,49,769,0,0,3,184,7,0
16:53:52.672 CAN::Logger:99635,50,515,0,0,8,0,0,0,0,0,0,0,0
16:53:52.678 CAN::Logger:99635,50,1026,0,0,8,88,0,0,0,200,170,8,0
16:53:52.681 CAN::Logger:99645,49,1028,0,0,2,176,1
16:53:52.684 CAN::Logger:99645,50,1029,0,0,6,176,1,0,0,0,0
16:53:52.689 CAN::Logger:99655,50,1025,0,0,8,53,159,0,0,70,0,0,0
16:53:52.693 CAN::Logger:99655,50,518,0,0,8,0,0,0,0,0,0,0,0
16:53:52.699 CAN::Logger:99665,49,768,0,0,8,3,90,100,90,100,0,100,184
16:53:52.702 CAN::Logger:99665,49,769,0,0,3,128,8,0
16:53:52.706 CAN::Logger:99675,50,1024,0,0,8,1,0,12,0,0,0,0,0
16:53:52.709 CAN::Logger:99675,49,1028,0,0,2,177,1
16:53:52.714 CAN::Logger:99675,50,1029,0,0,6,177,1,0,0,0,0
16:53:52.717 CAN::Logger:99715,50,513,0,0,5,0,0,0,0,98
16:53:52.723 CAN::Logger:99715,49,768,0,0,8,3,90,100,90,100,0,100,169
16:53:52.726 CAN::Logger:99715,49,769,0,0,3,136,9,0
16:53:52.730 CAN::Logger:99735,50,515,0,0,8,0,0,0,0,0,0,0,0
16:53:52.735 CAN::Logger:99755,50,1025,0,0,8,53,159,0,0,70,0,0,0
16:53:52.739 CAN::Logger:99755,50,518,0,0,8,0,0,0,0,0,0,0,0
16:53:52.745 CAN::Logger:99765,49,768,0,0,8,3,90,100,90,100,0,100,186
16:53:52.747 CAN::Logger:99765,49,769,0,0,3,198,10,0
16:53:52.753 CAN::Logger:99775,50,1024,0,0,8,1,0,12,0,0,0,0,0
16:53:52.755 CAN::Logger:99815,50,513,0,0,5,0,0,0,0,98
16:53:52.761 CAN::Logger:99815,49,768,0,0,8,3,90,100,90,100,0,100,171
16:53:52.764 CAN::Logger:99815,49,769,0,0,3,67,11,0
16:53:52.769 CAN::Logger:99835,50,515,0,0,8,0,0,0,0,0,0,0,0
16:53:52.773 CAN::Logger:99855,50,1025,0,0,8,53,159,0,0,70,0,0,0
16:53:52.777 CAN::Logger:99855,50,518,0,0,8,0,0,0,0,0,0,0,0
16:53:52.782 CAN::Logger:99865,49,768,0,0,8,3,90,100,90,100,0,100,188
16:53:52.786 CAN::Logger:99865,49,769,0,0,3,181,12,0
16:53:52.790 CAN::Logger:99875,50,1024,0,0,8,1,0,12,0,0,0,0,0
16:53:52.793 CAN::Logger:99915,50,513,0,0,5,0,0,0,0,98
16:53:52.799 CAN::Logger:99915,49,768,0,0,8,3,90,100,90,100,0,100,173
16:53:52.802 CAN::Logger:99915,49,769,0,0,3,78,13,0
16:53:52.807 CAN::Logger:99935,50,515,0,0,8,0,0,0,0,0,0,0,0
16:53:52.811 CAN::Logger:99955,50,1025,0,0,8,53,159,0,0,70,0,0,0
16:53:52.815 CAN::Logger:99955,50,518,0,0,8,0,0,0,0,0,0,0,0
16:53:52.820 CAN::Logger:99965,49,768,0,0,8,3,90,100,90,100,0,100,190
16:53:52.824 CAN::Logger:99965,49,769,0,0,3,29,14,0
16:53:52.828 CAN::Logger:99975,50,1024,0,0,8,1,0,12,0,0,0,0,0
16:53:52.832 CAN::Logger:100015,50,513,0,0,5,0,0,0,0,98
16:53:52.837 CAN::Logger:100015,49,768,0,0,8,3,90,100,90,100,0,100,175
16:53:52.840 CAN::Logger:100025,49,769,0,0,3,232,15,0
16:53:52.846 CAN::Logger:100035,50,515,0,0,8,0,0,0,0,0,0,0,0
16:53:52.849 CAN::Logger:100055,50,1025,0,0,8,53,159,0,0,70,0,0,0
16:53:52.854 CAN::Logger:100055,50,518,0,0,8,0,0,0,0,0,0,0,0
16:53:52.860 CAN::Logger:100065,49,768,0,0,8,3,90,100,90,100,0,100,48
16:53:52.862 CAN::Logger:100065,49,769,0,0,3,226,0,0
16:53:52.868 CAN::Logger:100075,50,1024,0,0,8,1,0,12,0,0,0,0,0
16:53:52.870 CAN::Logger:100115,50,513,0,0,5,0,0,0,0,98
16:53:52.875 CAN::Logger:100115,49,768,0,0,8,3,90,100,90,100,0,100,33
16:53:52.879 CAN::Logger:100115,49,769,0,0,3,179,1,0
16:53:52.883 CAN::Logger:100135,50,515,0,0,8,0,0,0,0,0,0,0,0
16:53:52.888 CAN::Logger:100135,50,1027,0,0,8,100,0,0,0,64,227,9,0
16:53:52.893 CAN::Logger:100155,50,1025,0,0,8,53,159,0,0,70,0,0,0
16:53:52.898 CAN::Logger:100155,50,518,0,0,8,0,0,0,0,0,0,0,0
16:53:52.902 CAN::Logger:100165,49,768,0,0,8,3,90,100,90,100,0,100,50
16:53:52.906 CAN::Logger:100165,49,769,0,0,3,107,2,0
16:53:52.910 CAN::Logger:100175,50,1024,0,0,8,1,0,12,0,0,0,0,0
16:53:52.914 CAN::Logger:100215,50,513,0,0,5,0,0,0,0,98
16:53:52.919 CAN::Logger:100215,49,768,0,0,8,3,90,100,90,100,0,100,35
16:53:52.923 CAN::Logger:100215,49,769,0,0,3,150,3,0
16:53:52.927 CAN::Logger:100235,50,515,0,0,8,0,0,0,0,0,0,0,0
16:53:52.931 CAN::Logger:100255,50,1025,0,0,8,53,159,0,0,70,0,0,0
16:53:52.936 CAN::Logger:100255,50,518,0,0,8,0,0,0,0,0,0,0,0
16:53:52.941 CAN::Logger:100265,49,768,0,0,8,3,90,100,90,100,0,100,52
16:53:52.944 CAN::Logger:100265,49,769,0,0,3,3,4,0
16:53:52.948 CAN::Logger:100275,50,1024,0,0,8,1,0,12,0,0,0,0,0
16:53:52.952 CAN::Logger:100315,50,513,0,0,5,0,0,0,0,98
16:53:52.958 CAN::Logger:100315,49,768,0,0,8,3,90,100,90,100,0,100,37
16:53:52.962 CAN::Logger:100315,49,769,0,0,3,84,5,0
16:53:52.965 CAN::Logger:100335,50,515,0,0,8,0,0,0,0,0,0,0,0
16:53:52.971 CAN::Logger:100355,50,1025,0,0,8,53,159,0,0,69,0,0,0
16:53:52.974 CAN::Logger:100355,50,518,0,0,8,0,0,0,0,0,0,0,0
16:53:52.980 CAN::Logger:100365,49,768,0,0,8,3,90,100,90,100,0,100,54
16:53:52.983 CAN::Logger:100365,49,769,0,0,3,245,6,0
16:53:52.987 CAN::Logger:100375,50,1024,0,0,8,1,0,12,0,0,0,0,0
16:53:52.991 CAN::Logger:100415,50,513,0,0,5,0,0,0,0,98
16:53:52.997 CAN::Logger:100415,49,768,0,0,8,3,90,100,90,100,0,100,39
16:53:53.000 CAN::Logger:100415,49,769,0,0,3,184,7,0
16:53:53.004 CAN::Logger:100435,50,515,0,0,8,0,0,0,0,0,0,0,0
16:53:53.008 CAN::Logger:100455,50,1025,0,0,8,53,159,0,0,69,0,0,0
16:53:53.013 CAN::Logger:100455,50,518,0,0,8,0,0,0,0,0,0,0,0
16:53:53.018 CAN::Logger:100465,49,768,0,0,8,3,90,100,90,100,0,100,184
16:53:53.021 CAN::Logger:100465,49,769,0,0,3,128,8,0
16:53:53.141 D (101015) DiagnosticsService: Memory free: IRAM: 199040, DRAM: 199040[0m
16:53:53.523 CAN::Logger:100475,50,1024,0,0,8,1,0,12,0,0,0,0,0
16:53:53.525 CAN::Logger:100515,50,513,0,0,5,0,0,0,0,98
16:53:53.526 CAN::Logger:100515,49,768,0,0,8,3,90,100,90,100,0,100,169
16:53:53.527 CAN::Logger:100515,49,769,0,0,3,136,9,0
16:53:53.530 CAN::Logger:100535,50,515,0,0,8,0,0,0,0,0,0,0,0
16:53:53.534 CAN::Logger:100545,50,516,0,0,8,0,0,0,0,0,0,0,0
16:53:53.539 CAN::Logger:100555,50,1025,0,0,8,53,159,0,0,69,0,0,0
16:53:53.543 CAN::Logger:100555,50,518,0,0,8,0,0,0,0,0,0,0,0
16:53:53.548 CAN::Logger:100555,50,514,0,0,8,226,17,0,0,14,124,5,0
16:53:53.553 CAN::Logger:100565,49,768,0,0,8,3,90,100,90,100,0,100,186
16:53:53.557 CAN::Logger:100565,49,769,0,0,3,198,10,0
16:53:53.561 CAN::Logger:100575,50,1024,0,0,8,1,0,12,0,0,0,0,0
16:53:53.566 CAN::Logger:100615,49,768,0,0,8,3,90,100,90,100,0,100,171
16:53:53.570 CAN::Logger:100615,50,513,0,0,5,0,0,0,0,98
16:53:53.574 CAN::Logger:100615,49,769,0,0,3,67,11,0
16:53:53.579 CAN::Logger:100635,50,515,0,0,8,0,0,0,0,0,0,0,0
16:53:53.583 CAN::Logger:100635,50,1026,0,0,8,88,0,0,0,200,170,8,0
16:53:53.587 CAN::Logger:100655,50,1025,0,0,8,53,159,0,0,70,0,0,0
16:53:53.592 CAN::Logger:100655,50,518,0,0,8,0,0,0,0,0,0,0,0
16:53:53.597 CAN::Logger:100665,49,768,0,0,8,3,90,100,90,100,0,100,188
16:53:53.601 CAN::Logger:100665,49,769,0,0,3,181,12,0
16:53:53.605 CAN::Logger:100675,50,1024,0,0,8,1,0,12,0,0,0,0,0
16:53:53.611 CAN::Logger:100715,49,768,0,0,8,3,90,100,90,100,0,100,173
16:53:53.614 CAN::Logger:100715,50,513,0,0,5,0,0,0,0,98
16:53:53.618 CAN::Logger:100715,49,769,0,0,3,78,13,0
16:53:53.621 CAN::Logger:100735,50,515,0,0,8,0,0,0,0,0,0,0,0
16:53:53.626 CAN::Logger:100755,50,1025,0,0,8,53,159,0,0,70,0,0,0
16:53:53.631 CAN::Logger:100755,50,518,0,0,8,0,0,0,0,0,0,0,0
16:53:53.636 CAN::Logger:100765,49,768,0,0,8,3,90,100,90,100,0,100,190
16:53:53.639 CAN::Logger:100765,49,769,0,0,3,29,14,0
16:53:53.644 CAN::Logger:100775,50,1024,0,0,8,1,0,12,0,0,0,0,0
16:53:53.649 CAN::Logger:100815,49,768,0,0,8,3,90,100,90,100,0,100,175
16:53:53.652 CAN::Logger:100815,50,513,0,0,5,0,0,0,0,98
16:53:53.657 CAN::Logger:100815,49,769,0,0,3,232,15,0
16:53:53.660 CAN::Logger:100835,50,515,0,0,8,0,0,0,0,0,0,0,0
16:53:53.665 CAN::Logger:100855,50,1025,0,0,8,53,159,0,0,69,0,0,0
16:53:53.669 CAN::Logger:100855,50,518,0,0,8,0,0,0,0,0,0,0,0
16:53:53.675 CAN::Logger:100865,49,768,0,0,8,3,90,100,90,100,0,100,48
16:53:53.678 CAN::Logger:100865,49,769,0,0,3,226,0,0
16:53:53.682 CAN::Logger:100875,50,1024,0,0,8,1,0,12,0,0,0,0,0
16:53:53.687 CAN::Logger:100915,49,768,0,0,8,3,90,100,90,100,0,100,33
16:53:53.692 CAN::Logger:100915,50,513,0,0,5,0,0,0,0,98
16:53:53.695 CAN::Logger:100915,49,769,0,0,3,179,1,0
16:53:53.699 CAN::Logger:100935,50,515,0,0,8,0,0,0,0,0,0,0,0
16:53:53.703 CAN::Logger:100955,50,518,0,0,8,0,0,0,0,0,0,0,0
16:53:53.709 CAN::Logger:100955,50,1025,0,0,8,53,159,0,0,69,0,0,0
16:53:53.714 CAN::Logger:100965,49,768,0,0,8,3,90,100,90,100,0,100,50
16:53:53.717 CAN::Logger:100965,49,769,0,0,3,107,2,0
16:53:53.721 CAN::Logger:100975,50,1024,0,0,8,1,0,12,0,0,0,0,0
16:53:53.726 CAN::Logger:101015,50,513,0,0,5,0,0,0,0,98
16:53:53.731 CAN::Logger:101015,49,768,0,0,8,3,90,100,90,100,0,100,35
16:53:53.734 CAN::Logger:101015,49,769,0,0,3,150,3,0
16:53:53.738 CAN::Logger:101035,50,515,0,0,8,0,0,0,0,0,0,0,0
16:53:53.742 CAN::Logger:101055,50,518,0,0,8,0,0,0,0,0,0,0,0
16:53:53.747 CAN::Logger:101055,50,1025,0,0,8,53,159,0,0,69,0,0,0
16:53:53.753 CAN::Logger:101065,49,768,0,0,8,3,90,100,90,100,0,100,52
16:53:53.755 CAN::Logger:101065,49,769,0,0,3,3,4,0
16:53:53.759 CAN::Logger:101075,50,1024,0,0,8,1,0,12,0,0,0,0,0
16:53:53.766 CAN::Logger:101115,49,768,0,0,8,3,90,100,90,100,0,100,37
16:53:53.768 CAN::Logger:101115,50,513,0,0,5,0,0,0,0,98
16:53:53.773 CAN::Logger:101115,49,769,0,0,3,84,5,0
16:53:53.777 CAN::Logger:101135,50,515,0,0,8,0,0,0,0,0,0,0,0
16:53:53.781 CAN::Logger:101135,50,1027,0,0,8,100,0,0,0,64,227,9,0
16:53:53.785 CAN::Logger:101155,50,518,0,0,8,0,0,0,0,0,0,0,0
16:53:53.791 CAN::Logger:101155,50,1025,0,0,8,55,159,0,0,70,0,0,0
16:53:53.795 CAN::Logger:101165,49,768,0,0,8,3,90,100,90,100,0,100,54
16:53:53.799 CAN::Logger:101165,49,769,0,0,3,245,6,0
16:53:53.803 CAN::Logger:101175,50,1024,0,0,8,1,0,12,0,0,0,0,0
16:53:53.808 CAN::Logger:101215,49,768,0,0,8,3,90,100,90,100,0,100,39
16:53:53.813 CAN::Logger:101215,50,513,0,0,5,0,0,0,0,98
16:53:53.815 CAN::Logger:101215,49,769,0,0,3,184,7,0
16:53:53.819 CAN::Logger:101235,50,515,0,0,8,0,0,0,0,0,0,0,0
16:53:53.824 CAN::Logger:101255,50,518,0,0,8,0,0,0,0,0,0,0,0
16:53:53.829 CAN::Logger:101255,50,1025,0,0,8,55,159,0,0,70,0,0,0
16:53:53.834 CAN::Logger:101265,49,768,0,0,8,3,90,100,90,100,0,100,184
16:53:53.837 CAN::Logger:101265,49,769,0,0,3,128,8,0
16:53:53.841 CAN::Logger:101275,50,1024,0,0,8,1,0,12,0,0,0,0,0
16:53:53.848 CAN::Logger:101315,49,768,0,0,8,3,90,100,90,100,0,100,169
16:53:53.850 CAN::Logger:101315,50,513,0,0,5,0,0,0,0,98
16:53:53.854 CAN::Logger:101315,49,769,0,0,3,136,9,0
16:53:53.859 CAN::Logger:101335,50,515,0,0,8,0,0,0,0,0,0,0,0
16:53:53.862 CAN::Logger:101355,50,518,0,0,8,0,0,0,0,0,0,0,0
16:53:53.867 CAN::Logger:101355,50,1025,0,0,8,55,159,0,0,70,0,0,0
16:53:53.872 CAN::Logger:101365,49,768,0,0,8,3,90,100,90,100,0,100,186
16:53:53.876 CAN::Logger:101365,49,769,0,0,3,198,10,0
16:53:53.880 CAN::Logger:101375,50,1024,0,0,8,1,0,12,0,0,0,0,0
16:53:54.380 CAN::Logger:101415,49,768,0,0,8,3,90,100,90,100,0,100,171
16:53:54.381 CAN::Logger:101415,49,769,0,0,3,67,11,0
16:53:54.382 CAN::Logger:101415,50,513,0,0,5,0,0,0,0,98
16:53:54.385 CAN::Logger:101435,50,515,0,0,8,0,0,0,0,0,0,0,0
16:53:54.390 CAN::Logger:101455,50,518,0,0,8,0,0,0,0,0,0,0,0
16:53:54.394 CAN::Logger:101455,50,1025,0,0,8,53,159,0,0,70,0,0,0
16:53:54.400 CAN::Logger:101465,49,768,0,0,8,3,90,100,90,100,0,100,188
16:53:54.403 CAN::Logger:101465,49,769,0,0,3,181,12,0
16:53:54.408 CAN::Logger:101475,50,1024,0,0,8,1,0,12,0,0,0,0,0
16:53:54.413 CAN::Logger:101515,49,768,0,0,8,3,90,100,90,100,0,100,173
16:53:54.416 CAN::Logger:101515,49,769,0,0,3,78,13,0
16:53:54.421 CAN::Logger:101515,50,513,0,0,5,0,0,0,0,98
16:53:54.424 CAN::Logger:101535,50,515,0,0,8,0,0,0,0,0,0,0,0
16:53:54.429 CAN::Logger:101545,50,516,0,0,8,0,0,0,0,0,0,0,0
16:53:54.433 CAN::Logger:101555,50,518,0,0,8,0,0,0,0,0,0,0,0
16:53:54.438 CAN::Logger:101555,50,514,0,0,8,226,16,0,0,14,124,5,0
16:53:54.443 CAN::Logger:101555,50,1025,0,0,8,53,159,0,0,70,0,0,0
16:53:54.448 CAN::Logger:101565,49,768,0,0,8,3,90,100,90,100,0,100,190
16:53:54.451 CAN::Logger:101565,49,769,0,0,3,29,14,0
16:53:54.455 CAN::Logger:101575,50,1024,0,0,8,1,0,12,0,0,0,0,0
16:53:54.462 CAN::Logger:101615,49,768,0,0,8,3,90,100,90,100,0,100,175
16:53:54.464 CAN::Logger:101615,49,769,0,0,3,232,15,0
16:53:54.468 CAN::Logger:101615,50,513,0,0,5,0,0,0,0,98
16:53:54.472 CAN::Logger:101635,50,515,0,0,8,0,0,0,0,0,0,0,0
16:53:54.477 CAN::Logger:101635,50,1026,0,0,8,88,0,0,0,200,170,8,0
16:53:54.482 CAN::Logger:101655,50,518,0,0,8,0,0,0,0,0,0,0,0
16:53:54.486 CAN::Logger:101655,50,1025,0,0,8,55,159,0,0,70,0,0,0
16:53:54.491 CAN::Logger:101665,49,768,0,0,8,3,90,100,90,100,0,100,48
16:53:54.495 CAN::Logger:101665,49,769,0,0,3,226,0,0
16:53:54.500 CAN::Logger:101675,50,1024,0,0,8,1,0,12,0,0,0,0,0
16:53:54.504 CAN::Logger:101715,49,768,0,0,8,3,90,100,90,100,0,100,33
16:53:54.508 CAN::Logger:101715,49,769,0,0,3,179,1,0
16:53:54.511 CAN::Logger:101715,50,513,0,0,5,0,0,0,0,98
16:53:54.516 CAN::Logger:101735,50,515,0,0,8,0,0,0,0,0,0,0,0
16:53:54.520 CAN::Logger:101755,50,518,0,0,8,0,0,0,0,0,0,0,0
16:53:54.526 CAN::Logger:101755,50,1025,0,0,8,55,159,0,0,70,0,0,0
16:53:54.530 CAN::Logger:101765,49,768,0,0,8,3,90,100,90,100,0,100,50
16:53:54.533 CAN::Logger:101765,49,769,0,0,3,107,2,0
16:53:54.538 CAN::Logger:101775,50,1024,0,0,8,1,0,12,0,0,0,0,0
16:53:54.543 CAN::Logger:101815,49,768,0,0,8,3,90,100,90,100,0,100,35
16:53:54.546 CAN::Logger:101815,49,769,0,0,3,150,3,0
16:53:54.551 CAN::Logger:101815,50,513,0,0,5,0,0,0,0,98
16:53:54.554 CAN::Logger:101835,50,515,0,0,8,0,0,0,0,0,0,0,0
16:53:54.559 CAN::Logger:101855,50,518,0,0,8,0,0,0,0,0,0,0,0
16:53:54.563 CAN::Logger:101855,50,1025,0,0,8,55,159,0,0,70,0,0,0
16:53:54.568 CAN::Logger:101865,49,768,0,0,8,3,90,100,90,100,0,100,52
16:53:54.572 CAN::Logger:101865,49,769,0,0,3,3,4,0
16:53:54.576 CAN::Logger:101875,50,1024,0,0,8,1,0,12,0,0,0,0,0
16:53:54.581 CAN::Logger:101915,49,768,0,0,8,3,90,100,90,100,0,100,37
16:53:54.585 CAN::Logger:101915,49,769,0,0,3,84,5,0
16:53:54.588 CAN::Logger:101915,50,513,0,0,5,0,0,0,0,98
16:53:54.593 CAN::Logger:101935,50,515,0,0,8,0,0,0,0,0,0,0,0
16:53:54.598 CAN::Logger:101955,50,518,0,0,8,0,0,0,0,0,0,0,0
16:53:54.602 CAN::Logger:101955,50,1025,0,0,8,53,159,0,0,70,0,0,0
16:53:54.608 CAN::Logger:101965,49,768,0,0,8,3,90,100,90,100,0,100,54
16:53:54.610 CAN::Logger:101965,49,769,0,0,3,245,6,0
16:53:54.615 CAN::Logger:101975,50,1024,0,0,8,1,0,12,0,0,0,0,0
16:53:54.619 CAN::Logger:102015,50,513,0,0,5,0,0,0,0,98
16:53:54.623 CAN::Logger:102015,49,768,0,0,8,3,90,100,90,100,0,100,39
16:53:54.627 CAN::Logger:102015,49,769,0,0,3,184,7,0
16:53:54.632 CAN::Logger:102035,50,515,0,0,8,0,0,0,0,0,0,0,0
16:53:54.636 CAN::Logger:102055,50,518,0,0,8,0,0,0,0,0,0,0,0
16:53:54.640 CAN::Logger:102055,50,1025,0,0,8,53,159,0,0,70,0,0,0
16:53:54.645 CAN::Logger:102065,49,768,0,0,8,3,90,100,90,100,0,100,184
16:53:54.650 CAN::Logger:102065,49,769,0,0,3,128,8,0
16:53:54.654 CAN::Logger:102075,50,1024,0,0,8,1,0,12,0,0,0,0,0
16:53:54.658 CAN::Logger:102115,49,768,0,0,8,3,90,100,90,100,0,100,169
16:53:54.662 CAN::Logger:102115,49,769,0,0,3,136,9,0
16:53:54.667 CAN::Logger:102115,50,513,0,0,5,0,0,0,0,98
16:53:54.670 CAN::Logger:102135,50,515,0,0,8,0,0,0,0,0,0,0,0
16:53:54.675 CAN::Logger:102135,50,1027,0,0,8,100,0,0,0,64,227,9,0
16:53:54.679 CAN::Logger:102155,50,518,0,0,8,0,0,0,0,0,0,0,0
16:53:54.684 CAN::Logger:102155,50,1025,0,0,8,55,159,0,0,70,0,0,0
16:53:54.690 CAN::Logger:102165,49,768,0,0,8,3,90,100,90,100,0,100,186
16:53:54.693 CAN::Logger:102165,49,769,0,0,3,198,10,0
16:53:54.698 CAN::Logger:102175,50,1024,0,0,8,1,0,12,0,0,0,0,0
16:53:54.701 CAN::Logger:102215,50,513,0,0,5,0,0,0,0,98
16:53:54.706 CAN::Logger:102215,49,768,0,0,8,3,90,100,90,100,0,100,171
16:53:54.710 CAN::Logger:102225,49,769,0,0,3,67,11,0
16:53:54.714 CAN::Logger:102235,50,515,0,0,8,0,0,0,0,0,0,0,0
16:53:55.210 CAN::Logger:102255,50,518,0,0,8,0,0,0,0,0,0,0,0
16:53:55.211 CAN::Logger:102255,50,1025,0,0,8,55,159,0,0,70,0,0,0
16:53:55.213 CAN::Logger:102265,49,768,0,0,8,3,90,100,90,100,0,100,188
16:53:55.216 CAN::Logger:102265,49,769,0,0,3,181,12,0
16:53:55.221 CAN::Logger:102275,50,1024,0,0,8,1,0,12,0,0,0,0,0
16:53:55.225 CAN::Logger:102315,50,513,0,0,5,0,0,0,0,98
16:53:55.230 CAN::Logger:102315,49,768,0,0,8,3,90,100,90,100,0,100,173
16:53:55.233 CAN::Logger:102325,49,769,0,0,3,78,13,0
16:53:55.239 CAN::Logger:102335,50,515,0,0,8,0,0,0,0,0,0,0,0
16:53:55.242 CAN::Logger:102355,50,518,0,0,8,0,0,0,0,0,0,0,0
16:53:55.247 CAN::Logger:102355,50,1025,0,0,8,55,159,0,0,70,0,0,0
16:53:55.252 CAN::Logger:102365,49,768,0,0,8,3,90,100,90,100,0,100,190
16:53:55.255 CAN::Logger:102365,49,769,0,0,3,29,14,0
16:53:55.261 CAN::Logger:102375,50,1024,0,0,8,1,0,12,0,0,0,0,0
16:53:55.263 CAN::Logger:102415,50,513,0,0,5,0,0,0,0,98
16:53:55.269 CAN::Logger:102415,49,768,0,0,8,3,90,100,90,100,0,100,175
16:53:55.273 CAN::Logger:102425,49,769,0,0,3,232,15,0
16:53:55.276 CAN::Logger:102435,50,515,0,0,8,0,0,0,0,0,0,0,0
16:53:55.281 CAN::Logger:102455,50,518,0,0,8,0,0,0,0,0,0,0,0
16:53:55.285 CAN::Logger:102455,50,1025,0,0,8,53,159,0,0,70,0,0,0
16:53:55.290 CAN::Logger:102465,49,768,0,0,8,3,90,100,90,100,0,100,48
16:53:55.295 CAN::Logger:102465,49,769,0,0,3,226,0,0
16:53:55.299 CAN::Logger:102475,50,1024,0,0,8,1,0,12,0,0,0,0,0
16:53:55.302 CAN::Logger:102515,50,513,0,0,5,0,0,0,0,98
16:53:55.308 CAN::Logger:102515,49,768,0,0,8,3,90,100,90,100,0,100,33
16:53:55.311 CAN::Logger:102525,49,769,0,0,3,179,1,0
16:53:55.315 CAN::Logger:102535,50,515,0,0,8,0,0,0,0,0,0,0,0
16:53:55.319 CAN::Logger:102545,50,516,0,0,8,0,0,0,0,0,0,0,0
16:53:55.324 CAN::Logger:102555,50,518,0,0,8,0,0,0,0,0,0,0,0
16:53:55.328 CAN::Logger:102555,50,514,0,0,8,226,17,0,0,14,124,5,0
16:53:55.333 CAN::Logger:102555,50,1025,0,0,8,53,159,0,0,70,0,0,0
16:53:55.338 CAN::Logger:102565,50,1638,0,0,8,82,8,5,0,82,149,54,2
16:53:55.343 CAN::Logger:102565,49,768,0,0,8,3,90,100,90,100,0,100,50
16:53:55.346 CAN::Logger:102565,49,769,0,0,3,107,2,0
16:53:55.352 CAN::Logger:102575,50,1024,0,0,8,1,0,12,0,0,0,0,0
16:53:55.356 CAN::Logger:102575,50,1637,0,0,8,0,0,0,83,76,24,83,0
16:53:55.360 CAN::Logger:102595,50,512,0,0,8,88,0,200,170,8,0,1,0
16:53:55.364 CAN::Logger:102615,50,513,0,0,5,0,0,0,0,98
16:53:55.369 CAN::Logger:102615,49,768,0,0,8,3,90,100,90,100,0,100,35
16:53:55.374 CAN::Logger:102625,49,769,0,0,3,150,3,0
16:53:55.377 CAN::Logger:102635,50,515,0,0,8,0,0,0,0,0,0,0,0
16:53:55.382 CAN::Logger:102635,50,1026,0,0,8,88,0,0,0,200,170,8,0
16:53:55.387 CAN::Logger:102655,50,518,0,0,8,0,0,0,0,0,0,0,0
16:53:55.391 CAN::Logger:102655,50,1025,0,0,8,53,159,0,0,70,0,0,0
16:53:55.396 CAN::Logger:102665,49,768,0,0,8,3,90,100,90,100,0,100,52
16:53:55.399 CAN::Logger:102665,49,769,0,0,3,3,4,0
16:53:55.404 CAN::Logger:102675,50,1024,0,0,8,1,0,12,0,0,0,0,0
16:53:55.407 CAN::Logger:102715,50,513,0,0,5,0,0,0,0,98
16:53:55.412 CAN::Logger:102715,49,768,0,0,8,3,90,100,90,100,0,100,37
16:53:55.416 CAN::Logger:102725,49,769,0,0,3,84,5,0
16:53:55.421 CAN::Logger:102735,50,515,0,0,8,0,0,0,0,0,0,0,0
16:53:55.424 CAN::Logger:102755,50,518,0,0,8,0,0,0,0,0,0,0,0
16:53:55.429 CAN::Logger:102755,50,1025,0,0,8,53,159,0,0,70,0,0,0
16:53:55.434 CAN::Logger:102765,49,768,0,0,8,3,90,100,90,100,0,100,54
16:53:55.438 CAN::Logger:102765,49,769,0,0,3,245,6,0
16:53:55.442 CAN::Logger:102775,50,1024,0,0,8,1,0,12,0,0,0,0,0
16:53:55.446 CAN::Logger:102815,50,513,0,0,5,0,0,0,0,98
16:53:55.451 CAN::Logger:102815,49,768,0,0,8,3,90,100,90,100,0,100,39
16:53:55.454 CAN::Logger:102825,49,769,0,0,3,184,7,0
16:53:55.460 CAN::Logger:102835,50,515,0,0,8,0,0,0,0,0,0,0,0
16:53:55.463 CAN::Logger:102855,50,518,0,0,8,0,0,0,0,0,0,0,0
16:53:55.469 CAN::Logger:102855,50,1025,0,0,8,53,159,0,0,70,0,0,0
16:53:55.473 CAN::Logger:102865,49,768,0,0,8,3,90,100,90,100,0,100,184
16:53:55.476 CAN::Logger:102865,49,769,0,0,3,128,8,0
16:53:55.481 CAN::Logger:102875,50,1024,0,0,8,1,0,12,0,0,0,0,0
16:53:55.484 CAN::Logger:102915,50,513,0,0,5,0,0,0,0,98
16:53:55.491 CAN::Logger:102915,49,768,0,0,8,3,90,100,90,100,0,100,169
16:53:55.493 CAN::Logger:102925,49,769,0,0,3,136,9,0
16:53:55.497 CAN::Logger:102935,50,515,0,0,8,0,0,0,0,0,0,0,0
16:53:55.502 CAN::Logger:102955,50,518,0,0,8,0,0,0,0,0,0,0,0
16:53:55.506 CAN::Logger:102955,50,1025,0,0,8,53,159,0,0,70,0,0,0
16:53:55.512 CAN::Logger:102965,49,768,0,0,8,3,90,100,90,100,0,100,186
16:53:55.515 CAN::Logger:102965,49,769,0,0,3,198,10,0
16:53:55.520 CAN::Logger:102975,50,1024,0,0,8,1,0,12,0,0,0,0,0
16:53:55.524 CAN::Logger:103015,50,513,0,0,5,0,0,0,0,98
16:53:55.530 CAN::Logger:103025,49,768,0,0,8,3,90,100,90,100,0,100,171
16:53:55.532 CAN::Logger:103025,49,769,0,0,3,67,11,0
16:53:55.536 CAN::Logger:103035,50,515,0,0,8,0,0,0,0,0,0,0,0
16:53:55.541 CAN::Logger:103055,50,518,0,0,8,0,0,0,0,0,0,0,0
16:53:55.545 CAN::Logger:103055,50,1025,0,0,8,53,159,0,0,70,0,0,0
16:53:55.550 CAN::Logger:103065,49,768,0,0,8,3,90,100,90,100,0,100,188
16:53:55.554 CAN::Logger:103065,49,769,0,0,3,181,12,0
16:53:55.558 CAN::Logger:103075,50,1024,0,0,8,1,0,12,0,0,0,0,0
16:53:56.050 CAN::Logger:103115,50,513,0,0,5,0,0,0,0,98
16:53:56.051 CAN::Logger:103115,49,768,0,0,8,3,90,100,90,100,0,100,173
16:53:56.052 CAN::Logger:103125,49,769,0,0,3,78,13,0
16:53:56.055 CAN::Logger:103135,50,515,0,0,8,0,0,0,0,0,0,0,0
16:53:56.060 CAN::Logger:103135,50,1027,0,0,8,100,0,0,0,64,227,9,0
16:53:56.064 CAN::Logger:103155,50,518,0,0,8,0,0,0,0,0,0,0,0
16:53:56.069 CAN::Logger:103165,50,1025,0,0,8,53,159,0,0,70,0,0,0
16:53:56.074 CAN::Logger:103165,49,768,0,0,8,3,90,100,90,100,0,100,190
16:53:56.078 CAN::Logger:103165,49,769,0,0,3,29,14,0
16:53:56.082 CAN::Logger:103185,50,1024,0,0,8,1,0,12,0,0,0,0,0
16:53:56.086 CAN::Logger:103215,50,513,0,0,5,0,0,0,0,98
16:53:56.092 CAN::Logger:103215,49,768,0,0,8,3,90,100,90,100,0,100,175
16:53:56.095 CAN::Logger:103225,49,769,0,0,3,232,15,0
16:53:56.099 CAN::Logger:103235,50,515,0,0,8,0,0,0,0,0,0,0,0
16:53:56.104 CAN::Logger:103255,50,518,0,0,8,0,0,0,0,0,0,0,0
16:53:56.109 CAN::Logger:103265,50,1025,0,0,8,53,159,0,0,70,0,0,0
16:53:56.113 CAN::Logger:103265,49,768,0,0,8,3,90,100,90,100,0,100,48
16:53:56.118 CAN::Logger:103265,49,769,0,0,3,226,0,0
16:53:56.121 CAN::Logger:103285,50,1024,0,0,8,1,0,12,0,0,0,0,0
16:53:56.126 CAN::Logger:103315,49,768,0,0,8,3,90,100,90,100,0,100,33
16:53:56.130 CAN::Logger:103315,50,513,0,0,5,0,0,0,0,98
16:53:56.134 CAN::Logger:103315,49,769,0,0,3,179,1,0
16:53:56.138 CAN::Logger:103335,50,515,0,0,8,0,0,0,0,0,0,0,0
16:53:56.142 CAN::Logger:103355,50,518,0,0,8,0,0,0,0,0,0,0,0
16:53:56.147 CAN::Logger:103365,50,1025,0,0,8,53,159,0,0,70,0,0,0
16:53:56.153 CAN::Logger:103365,49,768,0,0,8,3,90,100,90,100,0,100,50
16:53:56.156 CAN::Logger:103365,49,769,0,0,3,107,2,0
16:53:56.160 CAN::Logger:103385,50,1024,0,0,8,1,0,12,0,0,0,0,0
16:53:56.165 CAN::Logger:103415,49,768,0,0,8,3,90,100,90,100,0,100,35
16:53:56.169 CAN::Logger:103415,50,513,0,0,5,0,0,0,0,98
16:53:56.172 CAN::Logger:103415,49,769,0,0,3,150,3,0
16:53:56.176 CAN::Logger:103435,50,515,0,0,8,0,0,0,0,0,0,0,0
16:53:56.181 CAN::Logger:103455,50,518,0,0,8,0,0,0,0,0,0,0,0
16:53:56.185 CAN::Logger:103465,50,1025,0,0,8,53,159,0,0,70,0,0,0
16:53:56.190 CAN::Logger:103465,49,768,0,0,8,3,90,100,90,100,0,100,52
16:53:56.194 CAN::Logger:103465,49,769,0,0,3,3,4,0
16:53:56.198 CAN::Logger:103485,50,1024,0,0,8,1,0,12,0,0,0,0,0
16:53:56.203 CAN::Logger:103515,49,768,0,0,8,3,90,100,90,100,0,100,37
16:53:56.207 CAN::Logger:103515,50,513,0,0,5,0,0,0,0,98
16:53:56.210 CAN::Logger:103515,49,769,0,0,3,84,5,0
16:53:56.215 CAN::Logger:103535,50,515,0,0,8,0,0,0,0,0,0,0,0
16:53:56.219 CAN::Logger:103545,50,516,0,0,8,0,0,0,0,0,0,0,0
16:53:56.223 CAN::Logger:103555,50,518,0,0,8,0,0,0,0,0,0,0,0
16:53:56.228 CAN::Logger:103555,50,514,0,0,8,226,16,0,0,14,124,5,0
16:53:56.233 CAN::Logger:103565,50,1025,0,0,8,53,159,0,0,70,0,0,0
16:53:56.238 CAN::Logger:103565,49,768,0,0,8,3,90,100,90,100,0,100,54
16:53:56.241 CAN::Logger:103565,49,769,0,0,3,245,6,0
16:53:56.246 CAN::Logger:103585,50,1024,0,0,8,1,0,12,0,0,0,0,0
16:53:56.251 CAN::Logger:103615,49,768,0,0,8,3,90,100,90,100,0,100,39
16:53:56.255 CAN::Logger:103615,50,513,0,0,5,0,0,0,0,98
16:53:56.259 CAN::Logger:103615,49,769,0,0,3,184,7,0
16:53:56.262 CAN::Logger:103635,50,515,0,0,8,0,0,0,0,0,0,0,0
16:53:56.267 CAN::Logger:103645,50,1026,0,0,8,88,0,0,0,200,170,8,0
16:53:56.271 CAN::Logger:103655,50,518,0,0,8,0,0,0,0,0,0,0,0
16:53:56.276 CAN::Logger:103665,50,1025,0,0,8,53,159,0,0,69,0,0,0
16:53:56.281 CAN::Logger:103665,49,768,0,0,8,3,90,100,90,100,0,100,184
16:53:56.285 CAN::Logger:103665,49,769,0,0,3,128,8,0
16:53:56.289 CAN::Logger:103685,50,1024,0,0,8,1,0,12,0,0,0,0,0
16:53:56.293 CAN::Logger:103715,50,513,0,0,5,0,0,0,0,98
16:53:56.298 CAN::Logger:103715,49,768,0,0,8,3,90,100,90,100,0,100,169
16:53:56.302 CAN::Logger:103725,49,769,0,0,3,136,9,0
16:53:56.306 CAN::Logger:103735,50,515,0,0,8,0,0,0,0,0,0,0,0
16:53:56.311 CAN::Logger:103755,50,518,0,0,8,0,0,0,0,0,0,0,0
16:53:56.316 CAN::Logger:103765,50,1025,0,0,8,53,159,0,0,69,0,0,0
16:53:56.321 CAN::Logger:103765,49,768,0,0,8,3,90,100,90,100,0,100,186
16:53:56.324 CAN::Logger:103765,49,769,0,0,3,198,10,0
16:53:56.328 CAN::Logger:103785,50,1024,0,0,8,1,0,12,0,0,0,0,0
16:53:56.332 CAN::Logger:103815,50,513,0,0,5,0,0,0,0,98
16:53:56.338 CAN::Logger:103825,49,768,0,0,8,3,90,100,90,100,0,100,171
16:53:56.341 CAN::Logger:103825,49,769,0,0,3,67,11,0
16:53:56.345 CAN::Logger:103835,50,515,0,0,8,0,0,0,0,0,0,0,0
16:53:56.350 CAN::Logger:103855,50,518,0,0,8,0,0,0,0,0,0,0,0
16:53:56.355 CAN::Logger:103865,50,1025,0,0,8,53,159,0,0,70,0,0,0
16:53:56.359 CAN::Logger:103875,49,768,0,0,8,3,90,100,90,100,0,100,188
16:53:56.362 CAN::Logger:103875,49,769,0,0,3,181,12,0
16:53:56.367 CAN::Logger:103885,50,1024,0,0,8,1,0,12,0,0,0,0,0
16:53:56.372 CAN::Logger:103915,50,513,0,0,5,0,0,0,0,98
16:53:56.376 CAN::Logger:103915,49,768,0,0,8,3,90,100,90,100,0,100,173
16:53:56.870 CAN::Logger:103925,49,769,0,0,3,78,13,0
16:53:56.871 CAN::Logger:103935,50,515,0,0,8,0,0,0,0,0,0,0,0
16:53:56.872 CAN::Logger:103955,50,518,0,0,8,0,0,0,0,0,0,0,0
16:53:56.876 CAN::Logger:103965,50,1025,0,0,8,53,159,0,0,70,0,0,0
16:53:56.881 CAN::Logger:103975,49,768,0,0,8,3,90,100,90,100,0,100,190
16:53:56.884 CAN::Logger:103975,49,769,0,0,3,29,14,0
16:53:56.889 CAN::Logger:103985,50,1024,0,0,8,1,0,12,0,0,0,0,0
16:53:56.892 CAN::Logger:104015,50,513,0,0,5,0,0,0,0,98
16:53:56.898 CAN::Logger:104025,49,768,0,0,8,3,90,100,90,100,0,100,175
16:53:56.901 CAN::Logger:104025,49,769,0,0,3,232,15,0
16:53:56.905 CAN::Logger:104035,50,515,0,0,8,0,0,0,0,0,0,0,0
16:53:56.910 CAN::Logger:104055,50,518,0,0,8,0,0,0,0,0,0,0,0
16:53:56.916 CAN::Logger:104065,50,1025,0,0,8,53,159,0,0,70,0,0,0
16:53:56.919 CAN::Logger:104065,49,768,0,0,8,3,90,100,90,100,0,100,48
16:53:56.923 CAN::Logger:104075,49,769,0,0,3,226,0,0
16:53:56.928 CAN::Logger:104085,50,1024,0,0,8,1,0,12,0,0,0,0,0
16:53:56.931 CAN::Logger:104115,50,513,0,0,5,0,0,0,0,98
16:53:56.936 CAN::Logger:104125,49,768,0,0,8,3,90,100,90,100,0,100,33
16:53:56.940 CAN::Logger:104125,49,769,0,0,3,179,1,0
16:53:56.945 CAN::Logger:104135,50,515,0,0,8,0,0,0,0,0,0,0,0
16:53:56.949 CAN::Logger:104145,50,1027,0,0,8,100,0,0,0,64,227,9,0
16:53:56.953 CAN::Logger:104155,50,518,0,0,8,0,0,0,0,0,0,0,0
16:53:56.958 CAN::Logger:104165,50,1025,0,0,8,55,159,0,0,70,0,0,0
16:53:56.964 CAN::Logger:104165,49,768,0,0,8,3,90,100,90,100,0,100,50
16:53:56.967 CAN::Logger:104175,49,769,0,0,3,107,2,0
16:53:56.971 CAN::Logger:104185,50,1024,0,0,8,1,0,12,0,0,0,0,0
16:53:56.976 CAN::Logger:104215,49,768,0,0,8,3,90,100,90,100,0,100,35
16:53:56.980 CAN::Logger:104215,50,513,0,0,5,0,0,0,0,98
16:53:56.983 CAN::Logger:104225,49,769,0,0,3,150,3,0
16:53:56.987 CAN::Logger:104235,50,515,0,0,8,0,0,0,0,0,0,0,0
16:53:56.993 CAN::Logger:104255,50,518,0,0,8,0,0,0,0,0,0,0,0
16:53:56.996 CAN::Logger:104265,50,1025,0,0,8,55,159,0,0,70,0,0,0
16:53:57.001 CAN::Logger:104275,49,768,0,0,8,3,90,100,90,100,0,100,52
16:53:57.005 CAN::Logger:104275,49,769,0,0,3,3,4,0
16:53:57.009 CAN::Logger:104285,50,1024,0,0,8,1,0,12,0,0,0,0,0
16:53:57.014 CAN::Logger:104315,49,768,0,0,8,3,90,100,90,100,0,100,37
16:53:57.018 CAN::Logger:104315,50,513,0,0,5,0,0,0,0,98
16:53:57.022 CAN::Logger:104325,49,769,0,0,3,84,5,0
16:53:57.026 CAN::Logger:104335,50,515,0,0,8,0,0,0,0,0,0,0,0
16:53:57.030 CAN::Logger:104355,50,518,0,0,8,0,0,0,0,0,0,0,0
16:53:57.036 CAN::Logger:104365,50,1025,0,0,8,55,159,0,0,70,0,0,0
16:53:57.040 CAN::Logger:104365,49,768,0,0,8,3,90,100,90,100,0,100,54
16:53:57.044 CAN::Logger:104375,49,769,0,0,3,245,6,0
16:53:57.048 CAN::Logger:104385,50,1024,0,0,8,1,0,12,0,0,0,0,0
16:53:57.053 CAN::Logger:104415,49,768,0,0,8,3,90,100,90,100,0,100,39
16:53:57.057 CAN::Logger:104425,50,513,0,0,5,0,0,0,0,98
16:53:57.060 CAN::Logger:104425,49,769,0,0,3,184,7,0
16:53:57.065 CAN::Logger:104435,50,515,0,0,8,0,0,0,0,0,0,0,0
16:53:57.069 CAN::Logger:104455,50,518,0,0,8,0,0,0,0,0,0,0,0
16:53:57.074 CAN::Logger:104465,50,1025,0,0,8,53,159,0,0,70,0,0,0
16:53:57.078 CAN::Logger:104465,49,768,0,0,8,3,90,100,90,100,0,100,184
16:53:57.082 CAN::Logger:104475,49,769,0,0,3,128,8,0
16:53:57.086 CAN::Logger:104485,50,1024,0,0,8,1,0,12,0,0,0,0,0
16:53:57.092 CAN::Logger:104515,49,768,0,0,8,3,90,100,90,100,0,100,169
16:53:57.096 CAN::Logger:104525,50,513,0,0,5,0,0,0,0,98
16:53:57.100 CAN::Logger:104525,49,769,0,0,3,136,9,0
16:53:57.103 CAN::Logger:104535,50,515,0,0,8,0,0,0,0,0,0,0,0
16:53:57.107 CAN::Logger:104545,50,516,0,0,8,0,0,0,0,0,0,0,0
16:53:57.113 CAN::Logger:104555,50,518,0,0,8,0,0,0,0,0,0,0,0
16:53:57.117 CAN::Logger:104555,50,514,0,0,8,226,16,0,0,14,124,5,0
16:53:57.121 CAN::Logger:104565,50,1025,0,0,8,53,159,0,0,70,0,0,0
16:53:57.127 CAN::Logger:104565,49,768,0,0,8,3,90,100,90,100,0,100,186
16:53:57.131 CAN::Logger:104575,49,769,0,0,3,198,10,0
16:53:57.134 CAN::Logger:104585,50,1024,0,0,8,1,0,12,0,0,0,0,0
16:53:57.139 CAN::Logger:104615,49,768,0,0,8,3,90,100,90,100,0,100,171
16:53:57.143 CAN::Logger:104625,50,513,0,0,5,0,0,0,0,98
16:53:57.147 CAN::Logger:104625,49,769,0,0,3,67,11,0
16:53:57.152 CAN::Logger:104635,50,515,0,0,8,0,0,0,0,0,0,0,0
16:53:57.156 CAN::Logger:104645,50,1026,0,0,8,88,0,0,0,200,170,8,0
16:53:57.160 CAN::Logger:104655,50,518,0,0,8,0,0,0,0,0,0,0,0
16:53:57.165 CAN::Logger:104665,50,1025,0,0,8,53,159,0,0,70,0,0,0
16:53:57.170 CAN::Logger:104665,49,768,0,0,8,3,90,100,90,100,0,100,188
16:53:57.174 CAN::Logger:104675,49,769,0,0,3,181,12,0
16:53:57.179 CAN::Logger:104685,50,1024,0,0,8,1,0,12,0,0,0,0,0
16:53:57.183 CAN::Logger:104715,49,768,0,0,8,3,90,100,90,100,0,100,173
16:53:57.187 CAN::Logger:104725,49,769,0,0,3,78,13,0
16:53:57.190 CAN::Logger:104725,50,513,0,0,5,0,0,0,0,98
16:53:57.196 CAN::Logger:104735,50,515,0,0,8,0,0,0,0,0,0,0,0
16:53:57.690 CAN::Logger:104755,50,518,0,0,8,0,0,0,0,0,0,0,0
16:53:57.691 CAN::Logger:104765,50,1025,0,0,8,53,159,0,0,70,0,0,0
16:53:57.693 CAN::Logger:104765,49,768,0,0,8,3,90,100,90,100,0,100,190
16:53:57.696 CAN::Logger:104765,49,769,0,0,3,29,14,0
16:53:57.701 CAN::Logger:104785,50,1024,0,0,8,1,0,12,0,0,0,0,0
16:53:57.706 CAN::Logger:104815,49,768,0,0,8,3,90,100,90,100,0,100,175
16:53:57.709 CAN::Logger:104825,49,769,0,0,3,232,15,0
16:53:57.713 CAN::Logger:104825,50,513,0,0,5,0,0,0,0,98
16:53:57.718 CAN::Logger:104835,50,515,0,0,8,0,0,0,0,0,0,0,0
16:53:57.722 CAN::Logger:104855,50,518,0,0,8,0,0,0,0,0,0,0,0
16:53:57.726 CAN::Logger:104865,50,1025,0,0,8,53,159,0,0,69,0,0,0
16:53:57.733 CAN::Logger:104875,49,768,0,0,8,3,90,100,90,100,0,100,48
16:53:57.735 CAN::Logger:104875,49,769,0,0,3,226,0,0
16:53:57.739 CAN::Logger:104885,50,1024,0,0,8,1,0,12,0,0,0,0,0
16:53:57.743 CAN::Logger:104925,50,513,0,0,5,0,0,0,0,98
16:53:57.749 CAN::Logger:104925,49,768,0,0,8,3,90,100,90,100,0,100,33
16:53:57.752 CAN::Logger:104925,49,769,0,0,3,179,1,0
16:53:57.756 CAN::Logger:104935,50,515,0,0,8,0,0,0,0,0,0,0,0
16:53:57.760 CAN::Logger:104955,50,518,0,0,8,0,0,0,0,0,0,0,0
16:53:57.766 CAN::Logger:104965,50,1025,0,0,8,55,159,0,0,69,0,0,0
16:53:57.771 CAN::Logger:104975,49,768,0,0,8,3,90,100,90,100,0,100,50
16:53:57.775 CAN::Logger:104975,49,769,0,0,3,107,2,0
16:53:57.778 CAN::Logger:104985,50,1024,0,0,8,1,0,12,0,0,0,0,0
16:53:57.783 CAN::Logger:105025,50,513,0,0,5,0,0,0,0,98
16:53:57.787 CAN::Logger:105025,49,768,0,0,8,3,90,100,90,100,0,100,35
16:53:57.791 CAN::Logger:105025,49,769,0,0,3,150,3,0
16:53:57.795 CAN::Logger:105035,50,515,0,0,8,0,0,0,0,0,0,0,0
16:53:57.799 CAN::Logger:105055,50,518,0,0,8,0,0,0,0,0,0,0,0
16:53:57.805 CAN::Logger:105065,50,1025,0,0,8,55,159,0,0,69,0,0,0
16:53:57.809 CAN::Logger:105075,49,768,0,0,8,3,90,100,90,100,0,100,52
16:53:57.813 CAN::Logger:105075,49,769,0,0,3,3,4,0
16:53:57.818 CAN::Logger:105085,50,1024,0,0,8,1,0,12,0,0,0,0,0
16:53:57.821 CAN::Logger:105125,50,513,0,0,5,0,0,0,0,98
16:53:57.826 CAN::Logger:105125,49,768,0,0,8,3,90,100,90,100,0,100,37
16:53:57.829 CAN::Logger:105125,49,769,0,0,3,84,5,0
16:53:57.833 CAN::Logger:105135,50,515,0,0,8,0,0,0,0,0,0,0,0
16:53:57.838 CAN::Logger:105145,50,1027,0,0,8,100,0,0,0,64,227,9,0
16:53:57.842 CAN::Logger:105155,50,518,0,0,8,0,0,0,0,0,0,0,0
16:53:57.847 CAN::Logger:105165,50,1025,0,0,8,55,159,0,0,70,0,0,0
16:53:57.852 CAN::Logger:105175,49,768,0,0,8,3,90,100,90,100,0,100,54
16:53:57.856 CAN::Logger:105175,49,769,0,0,3,245,6,0
16:53:57.861 CAN::Logger:105185,50,1024,0,0,8,1,0,12,0,0,0,0,0
16:53:57.865 CAN::Logger:105225,50,513,0,0,5,0,0,0,0,98
16:53:57.869 CAN::Logger:105225,49,768,0,0,8,3,90,100,90,100,0,100,39
16:53:57.872 CAN::Logger:105225,49,769,0,0,3,184,7,0
16:53:57.877 CAN::Logger:105235,50,515,0,0,8,0,0,0,0,0,0,0,0
16:53:57.881 CAN::Logger:105255,50,518,0,0,8,0,0,0,0,0,0,0,0
16:53:57.885 CAN::Logger:105265,50,1025,0,0,8,55,159,0,0,70,0,0,0
16:53:57.892 CAN::Logger:105275,49,768,0,0,8,3,90,100,90,100,0,100,184
16:53:57.894 CAN::Logger:105275,49,769,0,0,3,128,8,0
16:53:57.900 CAN::Logger:105285,50,1024,0,0,8,1,0,12,0,0,0,0,0
16:53:57.902 CAN::Logger:105325,50,513,0,0,5,0,0,0,0,98
16:53:57.908 CAN::Logger:105325,49,768,0,0,8,3,90,100,90,100,0,100,169
16:53:57.911 CAN::Logger:105325,49,769,0,0,3,136,9,0
16:53:57.915 CAN::Logger:105335,50,515,0,0,8,0,0,0,0,0,0,0,0
16:53:57.920 CAN::Logger:105355,50,518,0,0,8,0,0,0,0,0,0,0,0
16:53:57.924 CAN::Logger:105365,50,1025,0,0,8,55,159,0,0,69,0,0,0
16:53:57.929 CAN::Logger:105375,49,768,0,0,8,3,90,100,90,100,0,100,186
16:53:57.933 CAN::Logger:105375,49,769,0,0,3,198,10,0
16:53:57.937 CAN::Logger:105385,50,1024,0,0,8,1,0,12,0,0,0,0,0
16:53:57.941 CAN::Logger:105425,50,513,0,0,5,0,0,0,0,98
16:53:57.946 CAN::Logger:105425,49,768,0,0,8,3,90,100,90,100,0,100,171
16:53:57.950 CAN::Logger:105425,49,769,0,0,3,67,11,0
16:53:57.954 CAN::Logger:105435,50,515,0,0,8,0,0,0,0,0,0,0,0
16:53:57.958 CAN::Logger:105455,50,518,0,0,8,0,0,0,0,0,0,0,0
16:53:57.963 CAN::Logger:105465,50,1025,0,0,8,53,159,0,0,69,0,0,0
16:53:57.969 CAN::Logger:105475,49,768,0,0,8,3,90,100,90,100,0,100,188
16:53:57.973 CAN::Logger:105475,49,769,0,0,3,181,12,0
16:53:57.976 CAN::Logger:105485,50,1024,0,0,8,1,0,12,0,0,0,0,0
16:53:57.980 CAN::Logger:105525,50,513,0,0,5,0,0,0,0,98
16:53:57.986 CAN::Logger:105525,49,768,0,0,8,3,90,100,90,100,0,100,173
16:53:57.989 CAN::Logger:105525,49,769,0,0,3,78,13,0
16:53:57.994 CAN::Logger:105535,50,515,0,0,8,0,0,0,0,0,0,0,0
16:53:57.998 CAN::Logger:105545,50,516,0,0,8,0,0,0,0,0,0,0,0
16:53:58.002 CAN::Logger:105555,50,518,0,0,8,0,0,0,0,0,0,0,0
16:53:58.007 CAN::Logger:105555,50,514,0,0,8,226,17,0,0,14,124,5,0
