15:03:24.559 CAN::Logger:29775,50,518,0,0,8,0,0,0,0,0,0,0,0
15:03:24.560 CAN::Logger:29775,50,514,0,0,8,226,18,0,0,217,127,5,0
15:03:24.561 CAN::Logger:29795,50,1025,0,0,8,218,158,0,0,70,0,0,0
15:03:24.566 CAN::Logger:29805,49,768,0,0,8,3,90,100,90,100,0,100,50
15:03:24.570 CAN::Logger:29805,49,769,0,0,3,107,2,0
15:03:24.574 CAN::Logger:29815,50,1024,0,0,8,1,0,12,0,0,0,0,0
15:03:24.578 CAN::Logger:29835,50,513,0,0,5,0,0,0,0,98
15:03:24.582 CAN::Logger:29845,50,515,0,0,8,0,0,0,0,0,0,0,0
15:03:24.587 CAN::Logger:29855,49,768,0,0,8,3,90,100,90,100,0,100,35
15:03:24.590 CAN::Logger:29855,49,769,0,0,3,150,3,0
15:03:24.594 CAN::Logger:29875,50,518,0,0,8,0,0,0,0,0,0,0,0
15:03:24.599 CAN::Logger:29875,50,1026,0,0,8,87,0,0,0,144,148,8,0
15:03:24.604 CAN::Logger:29895,50,1025,0,0,8,216,158,0,0,70,0,0,0
15:03:24.609 CAN::Logger:29905,49,768,0,0,8,3,90,100,90,100,0,100,52
15:03:24.612 CAN::Logger:29905,49,769,0,0,3,3,4,0
15:03:24.616 CAN::Logger:29915,50,1024,0,0,8,1,0,12,0,0,0,0,0
15:03:24.620 CAN::Logger:29935,50,513,0,0,5,0,0,0,0,98
15:03:24.624 CAN::Logger:29945,50,515,0,0,8,0,0,0,0,0,0,0,0
15:03:24.629 CAN::Logger:29955,49,768,0,0,8,3,90,100,90,100,0,100,37
15:03:24.633 CAN::Logger:29955,49,769,0,0,3,84,5,0
15:03:24.637 CAN::Logger:29975,50,518,0,0,8,0,0,0,0,0,0,0,0
15:03:24.641 CAN::Logger:29995,50,1025,0,0,8,216,158,0,0,69,0,0,0
15:03:24.646 CAN::Logger:30005,49,768,0,0,8,3,90,100,90,100,0,100,54
15:03:24.650 CAN::Logger:30005,49,769,0,0,3,245,6,0
15:03:24.654 CAN::Logger:30015,50,1024,0,0,8,1,0,12,0,0,0,0,0
15:03:24.658 CAN::Logger:30035,50,513,0,0,5,0,0,0,0,98
15:03:24.662 CAN::Logger:30045,50,515,0,0,8,0,0,0,0,0,0,0,0
15:03:24.667 CAN::Logger:30055,49,768,0,0,8,3,90,100,90,100,0,100,39
15:03:24.671 CAN::Logger:30055,49,769,0,0,3,184,7,0
15:03:24.675 CAN::Logger:30075,50,518,0,0,8,0,0,0,0,0,0,0,0
15:03:24.679 CAN::Logger:30095,50,1025,0,0,8,216,158,0,0,69,0,0,0
15:03:24.684 CAN::Logger:30105,49,768,0,0,8,3,90,100,90,100,0,100,184
15:03:24.688 CAN::Logger:30105,49,769,0,0,3,128,8,0
15:03:24.692 CAN::Logger:30115,50,1024,0,0,8,1,0,12,0,0,0,0,0
15:03:24.699 D (30705) DiagnosticsService: Memory free: IRAM: 190908, DRAM: 190908[0m
15:03:24.702 CAN::Logger:30135,50,513,0,0,5,0,0,0,0,98
15:03:24.707 CAN::Logger:30145,50,515,0,0,8,0,0,0,0,0,0,0,0
15:03:24.712 CAN::Logger:30155,49,768,0,0,8,3,90,100,90,100,0,100,169
15:03:24.715 CAN::Logger:30155,49,769,0,0,3,136,9,0
15:03:24.719 CAN::Logger:30175,50,518,0,0,8,0,0,0,0,0,0,0,0
15:03:24.724 CAN::Logger:30195,50,1025,0,0,8,216,158,0,0,69,0,0,0
15:03:24.729 CAN::Logger:30205,49,768,0,0,8,3,90,100,90,100,0,100,186
15:03:24.733 CAN::Logger:30205,49,769,0,0,3,198,10,0
15:03:24.737 CAN::Logger:30215,50,1024,0,0,8,1,0,12,0,0,0,0,0
15:03:24.741 CAN::Logger:30235,50,513,0,0,5,0,0,0,0,98
15:03:24.745 CAN::Logger:30245,50,515,0,0,8,0,0,0,0,0,0,0,0
15:03:24.750 CAN::Logger:30255,49,768,0,0,8,3,90,100,90,100,0,100,171
15:03:24.754 CAN::Logger:30255,49,769,0,0,3,67,11,0
15:03:24.757 CAN::Logger:30275,50,518,0,0,8,0,0,0,0,0,0,0,0
15:03:24.762 CAN::Logger:30295,50,1025,0,0,8,216,158,0,0,69,0,0,0
15:03:24.767 CAN::Logger:30305,49,768,0,0,8,3,90,100,90,100,0,100,188
15:03:24.771 CAN::Logger:30305,49,769,0,0,3,181,12,0
15:03:24.775 CAN::Logger:30315,50,1024,0,0,8,1,0,12,0,0,0,0,0
15:03:24.779 CAN::Logger:30335,50,513,0,0,5,0,0,0,0,98
15:03:24.783 CAN::Logger:30345,50,515,0,0,8,0,0,0,0,0,0,0,0
15:03:24.788 CAN::Logger:30355,49,768,0,0,8,3,90,100,90,100,0,100,173
15:03:24.792 CAN::Logger:30355,49,769,0,0,3,78,13,0
15:03:24.796 CAN::Logger:30375,50,518,0,0,8,0,0,0,0,0,0,0,0
15:03:24.800 CAN::Logger:30375,50,1027,0,0,8,100,0,0,0,64,227,9,0
15:03:24.805 CAN::Logger:30395,50,1025,0,0,8,218,158,0,0,69,0,0,0
15:03:24.810 CAN::Logger:30405,49,768,0,0,8,3,90,100,90,100,0,100,190
15:03:24.814 CAN::Logger:30405,49,769,0,0,3,29,14,0
15:03:24.818 CAN::Logger:30415,50,1024,0,0,8,1,0,12,0,0,0,0,0
15:03:24.822 CAN::Logger:30435,50,513,0,0,5,0,0,0,0,98
15:03:24.826 CAN::Logger:30445,50,515,0,0,8,0,0,0,0,0,0,0,0
15:03:24.831 CAN::Logger:30455,49,768,0,0,8,3,90,100,90,100,0,100,175
15:03:24.834 CAN::Logger:30455,49,769,0,0,3,232,15,0
15:03:24.839 CAN::Logger:30475,50,518,0,0,8,0,0,0,0,0,0,0,0
15:03:24.843 CAN::Logger:30495,50,1025,0,0,8,218,158,0,0,69,0,0,0
15:03:24.848 CAN::Logger:30505,49,768,0,0,8,3,90,100,90,100,0,100,48
15:03:24.852 CAN::Logger:30505,49,769,0,0,3,226,0,0
15:03:24.856 CAN::Logger:30515,50,1024,0,0,8,1,0,12,0,0,0,0,0
15:03:24.860 CAN::Logger:30535,50,513,0,0,5,0,0,0,0,98
15:03:24.864 CAN::Logger:30545,50,515,0,0,8,0,0,0,0,0,0,0,0
15:03:24.869 CAN::Logger:30555,49,768,0,0,8,3,90,100,90,100,0,100,33
15:03:24.872 CAN::Logger:30555,49,769,0,0,3,179,1,0
15:03:25.369 CAN::Logger:30575,50,518,0,0,8,0,0,0,0,0,0,0,0
15:03:25.370 CAN::Logger:30595,50,1025,0,0,8,218,158,0,0,69,0,0,0
15:03:25.371 CAN::Logger:30605,49,768,0,0,8,3,90,100,90,100,0,100,50
15:03:25.375 CAN::Logger:30605,49,769,0,0,3,107,2,0
15:03:25.380 CAN::Logger:30615,50,1024,0,0,8,1,0,12,0,0,0,0,0
15:03:25.383 CAN::Logger:30635,50,513,0,0,5,0,0,0,0,98
15:03:25.387 CAN::Logger:30645,50,515,0,0,8,0,0,0,0,0,0,0,0
15:03:25.392 CAN::Logger:30655,49,768,0,0,8,3,90,100,90,100,0,100,35
15:03:25.395 CAN::Logger:30655,49,769,0,0,3,150,3,0
15:03:25.400 CAN::Logger:30675,50,518,0,0,8,0,0,0,0,0,0,0,0
15:03:25.404 CAN::Logger:30695,50,1025,0,0,8,218,158,0,0,69,0,0,0
15:03:25.409 CAN::Logger:30705,49,768,0,0,8,3,90,100,90,100,0,100,52
15:03:25.413 CAN::Logger:30705,49,769,0,0,3,3,4,0
15:03:25.417 CAN::Logger:30715,50,1024,0,0,8,1,0,12,0,0,0,0,0
15:03:25.421 CAN::Logger:30735,50,513,0,0,5,0,0,0,0,98
15:03:25.426 CAN::Logger:30745,50,515,0,0,8,0,0,0,0,0,0,0,0
15:03:25.430 CAN::Logger:30755,49,768,0,0,8,3,90,100,90,100,0,100,37
15:03:25.433 CAN::Logger:30755,49,769,0,0,3,84,5,0
15:03:25.437 CAN::Logger:30755,50,516,0,0,8,0,0,0,0,0,0,0,0
15:03:25.441 CAN::Logger:30775,50,518,0,0,8,0,0,0,0,0,0,0,0
15:03:25.446 CAN::Logger:30775,50,514,0,0,8,226,18,0,0,217,127,5,0
15:03:25.451 CAN::Logger:30785,50,1638,0,0,8,82,8,5,0,82,149,54,2
15:03:25.456 CAN::Logger:30795,50,1025,0,0,8,218,158,0,0,70,0,0,0
15:03:25.460 CAN::Logger:30795,50,1637,0,0,8,0,0,0,83,76,24,83,0
15:03:25.465 CAN::Logger:30805,49,768,0,0,8,3,90,100,90,100,0,100,54
15:03:25.469 CAN::Logger:30805,49,769,0,0,3,245,6,0
15:03:25.473 CAN::Logger:30805,50,512,0,0,8,87,0,144,148,8,0,0,0
15:03:25.478 CAN::Logger:30815,50,1024,0,0,8,1,0,12,0,0,0,0,0
15:03:25.481 CAN::Logger:30835,50,513,0,0,5,0,0,0,0,98
15:03:25.485 CAN::Logger:30845,50,515,0,0,8,0,0,0,0,0,0,0,0
15:03:25.490 CAN::Logger:30855,49,768,0,0,8,3,90,100,90,100,0,100,39
15:03:25.494 CAN::Logger:30855,49,769,0,0,3,184,7,0
15:03:25.498 CAN::Logger:30875,50,518,0,0,8,0,0,0,0,0,0,0,0
15:03:25.503 CAN::Logger:30875,50,1026,0,0,8,87,0,0,0,144,148,8,0
15:03:25.507 CAN::Logger:30895,50,1025,0,0,8,218,158,0,0,70,0,0,0
15:03:25.512 CAN::Logger:30905,49,768,0,0,8,3,90,100,90,100,0,100,184
15:03:25.516 CAN::Logger:30905,49,769,0,0,3,128,8,0
15:03:25.520 CAN::Logger:30915,50,1024,0,0,8,1,0,12,0,0,0,0,0
15:03:25.524 CAN::Logger:30935,50,513,0,0,5,0,0,0,0,98
15:03:25.528 CAN::Logger:30945,50,515,0,0,8,0,0,0,0,0,0,0,0
15:03:25.533 CAN::Logger:30955,49,768,0,0,8,3,90,100,90,100,0,100,169
15:03:25.537 CAN::Logger:30955,49,769,0,0,3,136,9,0
15:03:25.542 CAN::Logger:30975,50,518,0,0,8,0,0,0,0,0,0,0,0
15:03:25.546 CAN::Logger:30995,50,1025,0,0,8,218,158,0,0,69,0,0,0
15:03:25.551 CAN::Logger:31005,49,768,0,0,8,3,90,100,90,100,0,100,186
15:03:25.554 CAN::Logger:31005,49,769,0,0,3,198,10,0
15:03:25.558 CAN::Logger:31015,50,1024,0,0,8,1,0,12,0,0,0,0,0
15:03:25.562 CAN::Logger:31035,50,513,0,0,5,0,0,0,0,98
15:03:25.566 CAN::Logger:31045,50,515,0,0,8,0,0,0,0,0,0,0,0
15:03:25.571 CAN::Logger:31055,49,768,0,0,8,3,90,100,90,100,0,100,171
15:03:25.575 CAN::Logger:31055,49,769,0,0,3,67,11,0
15:03:25.579 CAN::Logger:31075,50,518,0,0,8,0,0,0,0,0,0,0,0
15:03:25.584 CAN::Logger:31095,50,1025,0,0,8,218,158,0,0,69,0,0,0
15:03:25.589 CAN::Logger:31105,49,768,0,0,8,3,90,100,90,100,0,100,188
15:03:25.592 CAN::Logger:31105,49,769,0,0,3,181,12,0
15:03:25.597 CAN::Logger:31115,50,1024,0,0,8,1,0,12,0,0,0,0,0
15:03:25.600 CAN::Logger:31135,50,513,0,0,5,0,0,0,0,98
15:03:25.605 CAN::Logger:31145,50,515,0,0,8,0,0,0,0,0,0,0,0
15:03:25.610 CAN::Logger:31155,49,768,0,0,8,3,90,100,90,100,0,100,173
15:03:25.613 CAN::Logger:31155,49,769,0,0,3,78,13,0
15:03:25.617 CAN::Logger:31175,50,518,0,0,8,0,0,0,0,0,0,0,0
15:03:25.622 CAN::Logger:31195,50,1025,0,0,8,216,158,0,0,69,0,0,0
15:03:25.627 CAN::Logger:31205,49,768,0,0,8,3,90,100,90,100,0,100,190
15:03:25.630 CAN::Logger:31205,49,769,0,0,3,29,14,0
15:03:25.635 CAN::Logger:31215,50,1024,0,0,8,1,0,12,0,0,0,0,0
15:03:25.638 CAN::Logger:31235,50,513,0,0,5,0,0,0,0,98
15:03:25.643 CAN::Logger:31245,50,515,0,0,8,0,0,0,0,0,0,0,0
15:03:25.649 CAN::Logger:31255,49,768,0,0,8,3,90,100,90,100,0,100,175
15:03:25.651 CAN::Logger:31255,49,769,0,0,3,232,15,0
15:03:25.655 CAN::Logger:31275,50,518,0,0,8,0,0,0,0,0,0,0,0
15:03:25.660 CAN::Logger:31295,50,1025,0,0,8,216,158,0,0,69,0,0,0
15:03:25.665 CAN::Logger:31305,49,768,0,0,8,3,90,100,90,100,0,100,48
15:03:25.668 CAN::Logger:31305,49,769,0,0,3,226,0,0
15:03:25.673 CAN::Logger:31315,50,1024,0,0,8,1,0,12,0,0,0,0,0
15:03:25.677 CAN::Logger:31335,50,513,0,0,5,0,0,0,0,98
15:03:25.681 CAN::Logger:31345,50,515,0,0,8,0,0,0,0,0,0,0,0
15:03:25.687 CAN::Logger:31355,49,768,0,0,8,3,90,100,90,100,0,100,33
15:03:25.689 CAN::Logger:31355,49,769,0,0,3,179,1,0
15:03:25.693 CAN::Logger:31375,50,518,0,0,8,0,0,0,0,0,0,0,0
15:03:25.698 CAN::Logger:31375,50,1027,0,0,8,100,0,0,0,64,227,9,0
15:03:26.189 CAN::Logger:31395,50,1025,0,0,8,220,158,0,0,69,0,0,0
15:03:26.190 CAN::Logger:31405,49,768,0,0,8,3,90,100,90,100,0,100,50
15:03:26.191 CAN::Logger:31405,49,769,0,0,3,107,2,0
15:03:26.196 CAN::Logger:31415,50,1024,0,0,8,1,0,12,0,0,0,0,0
15:03:26.198 CAN::Logger:31435,49,1028,0,0,2,74,0
15:03:26.203 CAN::Logger:31435,50,1029,0,0,8,74,0,0,0,6,0,0,0
15:03:26.206 CAN::Logger:31435,50,513,0,0,5,0,0,0,0,98
15:03:26.210 CAN::Logger:31445,50,515,0,0,8,0,0,0,0,0,0,0,0
15:03:26.215 CAN::Logger:31455,49,768,0,0,8,3,90,100,90,100,0,100,35
15:03:26.219 CAN::Logger:31455,49,769,0,0,3,150,3,0
15:03:26.222 CAN::Logger:31465,49,1028,0,0,2,2,48
15:03:26.226 CAN::Logger:31465,50,1029,0,0,7,2,48,0,0,0,0,0
15:03:26.231 CAN::Logger:31475,50,518,0,0,8,0,0,0,0,0,0,0,0
15:03:26.234 CAN::Logger:31495,49,1028,0,0,2,68,0
15:03:26.239 CAN::Logger:31495,50,1025,0,0,8,220,158,0,0,69,0,0,0
15:03:26.243 CAN::Logger:31495,50,1029,0,0,6,68,0,0,0,80,70
15:03:26.248 CAN::Logger:31505,49,768,0,0,8,3,90,100,90,100,0,100,52
15:03:26.239 CAN::Logger:31505,49,769,0,0,3,3,4,0
15:03:26.255 CAN::Logger:31515,50,1024,0,0,8,1,0,12,0,0,0,0,0
15:03:26.258 CAN::Logger:31525,49,1028,0,0,2,1,0
15:03:26.263 CAN::Logger:31525,50,1029,0,0,8,1,0,0,0,0,4,6,4
15:03:26.267 CAN::Logger:31535,50,513,0,0,5,0,0,0,0,98
15:03:26.272 CAN::Logger:31545,50,515,0,0,8,0,0,0,0,0,0,0,0
15:03:26.276 CAN::Logger:31555,49,768,0,0,8,3,90,100,90,100,0,100,37
15:03:26.279 CAN::Logger:31555,49,769,0,0,3,84,5,0
15:03:26.282 CAN::Logger:31565,49,1028,0,0,2,163,1
15:03:26.286 CAN::Logger:31565,50,1029,0,0,5,163,1,0,0,6
15:03:26.291 CAN::Logger:31575,50,518,0,0,8,0,0,0,0,0,0,0,0
15:03:26.294 CAN::Logger:31585,49,1028,0,0,2,32,0
15:03:26.298 CAN::Logger:31585,50,1029,0,0,8,32,0,0,0,50,51,54,71
15:03:26.303 CAN::Logger:31595,50,1025,0,0,8,220,158,0,0,69,0,0,0
15:03:26.308 CAN::Logger:31605,49,768,0,0,8,3,90,100,90,100,0,100,54
15:03:26.311 CAN::Logger:31605,49,769,0,0,3,245,6,0
15:03:26.316 CAN::Logger:31615,50,1024,0,0,8,1,0,12,0,0,0,0,0
15:03:26.319 CAN::Logger:31615,49,1028,0,0,2,33,0
15:03:26.324 CAN::Logger:31625,50,1029,0,0,8,33,0,0,0,53,76,65,49
15:03:26.328 CAN::Logger:31635,50,513,0,0,5,0,0,0,0,98
15:03:26.332 CAN::Logger:31645,50,515,0,0,8,0,0,0,0,0,0,0,0
15:03:26.335 CAN::Logger:31655,49,1028,0,0,2,34,0
15:03:26.340 CAN::Logger:31655,50,1029,0,0,8,34,0,0,0,48,48,52,82
15:03:26.345 CAN::Logger:31655,49,768,0,0,8,3,90,100,90,100,0,100,39
15:03:26.348 CAN::Logger:31655,49,769,0,0,3,184,7,0
15:03:26.352 CAN::Logger:31675,50,518,0,0,8,0,0,0,0,0,0,0,0
15:03:26.356 CAN::Logger:31685,49,1028,0,0,2,35,0
15:03:26.360 CAN::Logger:31685,50,1029,0,0,8,35,0,0,0,77,48,48,48
15:03:26.365 CAN::Logger:31695,50,1025,0,0,8,220,158,0,0,69,0,0,0
15:03:26.370 CAN::Logger:31705,49,768,0,0,8,3,90,100,90,100,0,100,184
15:03:26.373 CAN::Logger:31705,49,769,0,0,3,128,8,0
15:03:26.378 CAN::Logger:31715,50,1024,0,0,8,1,0,12,0,0,0,0,0
15:03:26.381 CAN::Logger:31715,49,1028,0,0,2,36,0
15:03:26.386 CAN::Logger:31715,50,1029,0,0,8,36,0,0,0,48,48,48,48
15:03:26.390 CAN::Logger:31735,50,513,0,0,5,0,0,0,0,98
15:03:26.393 CAN::Logger:31745,49,1028,0,0,2,37,0
15:03:26.398 CAN::Logger:31745,50,1029,0,0,8,37,0,0,0,48,48,48,48
15:03:26.403 CAN::Logger:31745,50,515,0,0,8,0,0,0,0,0,0,0,0
15:03:26.407 CAN::Logger:31755,49,768,0,0,8,3,90,100,90,100,0,100,169
15:03:26.410 CAN::Logger:31755,49,769,0,0,3,136,9,0
15:03:26.414 CAN::Logger:31755,50,516,0,0,8,0,0,0,0,0,0,0,0
15:03:26.419 CAN::Logger:31775,50,518,0,0,8,0,0,0,0,0,0,0,0
15:03:26.423 CAN::Logger:31775,50,514,0,0,8,226,18,0,0,217,127,5,0
15:03:26.427 CAN::Logger:31775,49,1028,0,0,2,38,0
15:03:26.431 CAN::Logger:31775,50,1029,0,0,8,38,0,0,0,48,48,48,48
15:03:26.436 CAN::Logger:31795,50,1025,0,0,8,220,158,0,0,69,0,0,0
15:03:26.441 CAN::Logger:31805,49,768,0,0,8,3,90,100,90,100,0,100,186
15:03:26.445 CAN::Logger:31805,49,769,0,0,3,198,10,0
15:03:26.448 CAN::Logger:31805,49,1028,0,0,2,39,0
15:03:26.452 CAN::Logger:31805,50,1029,0,0,6,39,0,0,0,48,48
15:03:26.456 CAN::Logger:31815,50,1024,0,0,8,1,0,12,0,0,0,0,0
15:03:26.460 CAN::Logger:31835,50,513,0,0,5,0,0,0,0,98
15:03:26.464 CAN::Logger:31835,49,1028,0,0,2,76,0
15:03:26.468 CAN::Logger:31835,50,1029,0,0,8,76,0,0,0,1,36,0,0
15:03:26.472 CAN::Logger:31845,50,515,0,0,8,0,0,0,0,0,0,0,0
15:03:26.477 CAN::Logger:31855,49,768,0,0,8,3,90,100,90,100,0,100,171
15:03:26.480 CAN::Logger:31855,49,769,0,0,3,67,11,0
15:03:26.485 CAN::Logger:31875,50,518,0,0,8,0,0,0,0,0,0,0,0
15:03:26.488 CAN::Logger:31875,49,1028,0,0,2,70,0
15:03:26.492 CAN::Logger:31875,50,1029,0,0,5,70,0,0,0,0
15:03:26.496 CAN::Logger:31875,50,1026,0,0,8,87,0,0,0,144,148,8,0
15:03:26.501 CAN::Logger:31895,50,1025,0,0,8,218,158,0,0,69,0,0,0
15:03:26.504 CAN::Logger:31905,49,1028,0,0,2,77,0
15:03:26.509 CAN::Logger:31905,50,1029,0,0,8,77,0,0,0,0,0,0,0
15:03:26.514 CAN::Logger:31905,49,768,0,0,8,3,90,100,90,100,0,100,188
15:03:26.517 CAN::Logger:31905,49,769,0,0,3,181,12,0
15:03:26.522 CAN::Logger:31915,50,1024,0,0,8,1,0,12,0,0,0,0,0
15:03:26.525 CAN::Logger:31935,49,1028,0,0,2,80,0
15:03:26.530 CAN::Logger:31935,50,1029,0,0,8,80,0,0,0,128,0,126,0
15:03:26.534 CAN::Logger:31935,50,513,0,0,5,0,0,12,18,98
15:03:26.538 CAN::Logger:31945,50,515,0,0,8,0,0,0,0,0,0,0,0
15:03:26.543 CAN::Logger:31955,49,768,0,0,8,3,90,100,90,100,0,100,173
15:03:26.546 CAN::Logger:31955,49,769,0,0,3,78,13,0
15:03:26.549 CAN::Logger:31965,49,1028,0,0,2,2,0
15:03:26.554 CAN::Logger:31965,50,1029,0,0,8,2,0,0,0,83,73,67,84
15:03:26.558 CAN::Logger:31975,50,518,0,0,8,0,0,0,0,0,0,0,0
15:03:26.562 CAN::Logger:31995,49,1028,0,0,2,10,0
15:03:26.566 CAN::Logger:31995,50,1029,0,0,8,10,0,0,0,48,58,0,0
15:03:26.571 CAN::Logger:31995,50,1025,0,0,8,218,158,0,0,71,0,0,0
15:03:26.576 CAN::Logger:32005,49,768,0,0,8,3,90,100,90,100,0,100,190
15:03:26.579 CAN::Logger:32005,49,769,0,0,3,29,14,0
15:03:26.584 CAN::Logger:32015,50,1024,0,0,8,1,0,12,0,0,0,0,0
15:03:26.587 CAN::Logger:32035,49,1028,0,0,2,4,0
15:03:26.591 CAN::Logger:32035,50,1029,0,0,7,4,0,0,0,22,9,2
15:03:26.595 CAN::Logger:32035,50,513,0,0,5,0,0,18,12,98
15:03:26.599 CAN::Logger:32045,50,515,0,0,8,137,0,88,68,6,0,0,0
15:03:26.604 CAN::Logger:32055,49,768,0,0,8,3,90,100,90,100,0,100,175
15:03:26.608 CAN::Logger:32055,49,769,0,0,3,232,15,0
15:03:26.611 CAN::Logger:32055,49,1028,0,0,2,176,1
15:03:26.615 CAN::Logger:32055,50,1029,0,0,6,176,1,0,0,0,0
15:03:26.620 CAN::Logger:32075,50,518,0,0,8,0,0,0,0,0,0,0,0
15:03:26.623 CAN::Logger:32085,49,1028,0,0,2,177,1
15:03:26.627 CAN::Logger:32085,50,1029,0,0,6,177,1,0,0,0,0
15:03:26.632 CAN::Logger:32095,50,1025,0,0,8,218,158,0,0,71,0,0,0
15:03:26.637 CAN::Logger:32105,49,768,0,0,8,3,90,100,90,100,0,100,48
15:03:26.640 CAN::Logger:32105,49,769,0,0,3,226,0,0
15:03:26.645 CAN::Logger:32115,50,1024,0,0,8,1,0,12,0,0,0,0,0
15:03:26.648 CAN::Logger:32135,50,513,0,0,5,0,0,202,8,98
15:03:26.653 CAN::Logger:32145,50,515,0,0,8,186,0,252,19,8,0,0,0
15:03:26.658 CAN::Logger:32155,49,768,0,0,8,3,90,100,90,100,0,100,33
15:03:26.661 CAN::Logger:32155,49,769,0,0,3,179,1,0
15:03:26.666 CAN::Logger:32175,50,518,0,0,8,0,0,0,0,0,0,0,0
15:03:26.670 CAN::Logger:32195,50,1025,0,0,8,28,158,0,0,71,0,0,0
15:04:12.086 [0;33mW (3530) CAN::BusMaster: CAN1 failed to receive message: 1[0m
15:04:12.086 [0;33mW (3530) CAN::BusMaster: CAN2 failed to receive message: 1[0m
15:04:12.186 [0;33mW (3630) CAN::BusMaster: CAN1 failed to receive message: 1[0m
15:04:12.188 [0;33mW (3630) CAN::BusMaster: CAN2 failed to receive message: 1[0m
15:04:12.286 [0;33mW (3730) CAN::BusMaster: CAN1 failed to receive message: 1[0m
15:04:12.288 [0;33mW (3730) CAN::BusMaster: CAN2 failed to receive message: 1[0m
15:04:12.386 [0;33mW (3830) CAN::BusMaster: CAN1 failed to receive message: 1[0m
15:04:12.387 [0;33mW (3830) CAN::BusMaster: CAN2 failed to receive message: 1[0m
15:04:12.486 [0;33mW (3930) CAN::BusMaster: CAN1 failed to receive message: 1[0m
15:04:12.487 [0;33mW (3930) CAN::BusMaster: CAN2 failed to receive message: 1[0m
15:04:12.586 [0;33mW (4030) CAN::BusMaster: CAN1 failed to receive message: 1[0m
15:04:12.587 [0;33mW (4030) CAN::BusMaster: CAN2 failed to receive message: 1[0m
15:04:12.686 [0;33mW (4130) CAN::BusMaster: CAN1 failed to receive message: 1[0m
15:04:12.687 [0;33mW (4130) CAN::BusMaster: CAN2 failed to receive message: 1[0m
15:04:12.786 [0;33mW (4230) CAN::BusMaster: CAN1 failed to receive message: 1[0m
15:04:12.787 [0;33mW (4230) CAN::BusMaster: CAN2 failed to receive message: 1[0m
15:04:12.886 [0;33mW (4330) CAN::BusMaster: CAN1 failed to receive message: 1[0m
15:04:12.887 [0;33mW (4330) CAN::BusMaster: CAN2 failed to receive message: 1[0m
15:04:12.986 [0;33mW (4430) CAN::BusMaster: CAN1 failed to receive message: 1[0m
15:04:12.987 [0;33mW (4430) CAN::BusMaster: CAN2 failed to receive message: 1[0m
15:04:13.086 [0;33mW (4530) CAN::BusMaster: CAN1 failed to receive message: 1[0m
15:04:13.087 [0;33mW (4530) CAN::BusMaster: CAN2 failed to receive message: 1[0m
15:04:13.186 [0;33mW (4630) CAN::BusMaster: CAN1 failed to receive message: 1[0m
15:04:13.187 [0;33mW (4630) CAN::BusMaster: CAN2 failed to receive message: 1[0m
15:04:13.286 [0;33mW (4730) CAN::BusMaster: CAN1 failed to receive message: 1[0m
15:04:13.287 [0;33mW (4730) CAN::BusMaster: CAN2 failed to receive message: 1[0m
15:04:13.386 [0;33mW (4830) CAN::BusMaster: CAN1 failed to receive message: 1[0m
15:04:13.387 [0;33mW (4830) CAN::BusMaster: CAN2 failed to receive message: 1[0m
15:04:13.486 [0;33mW (4930) CAN::BusMaster: CAN1 failed to receive message: 1[0m
15:04:13.487 [0;33mW (4930) CAN::BusMaster: CAN2 failed to receive message: 1[0m
15:04:13.586 [0;33mW (5030) CAN::BusMaster: CAN1 failed to receive message: 1[0m
15:04:13.587 [0;33mW (5030) CAN::BusMaster: CAN2 failed to receive message: 1[0m
15:04:13.686 [0;33mW (5130) CAN::BusMaster: CAN1 failed to receive message: 1[0m
15:04:13.687 [0;33mW (5130) CAN::BusMaster: CAN2 failed to receive message: 1[0m
15:04:13.786 [0;33mW (5230) CAN::BusMaster: CAN1 failed to receive message: 1[0m
15:04:13.787 [0;33mW (5230) CAN::BusMaster: CAN2 failed to receive message: 1[0m
15:04:13.886 [0;33mW (5330) CAN::BusMaster: CAN1 failed to receive message: 1[0m
15:04:13.887 [0;33mW (5330) CAN::BusMaster: CAN2 failed to receive message: 1[0m
15:04:13.986 [0;33mW (5430) CAN::BusMaster: CAN1 failed to receive message: 1[0m
15:04:13.986 [0;33mW (5430) CAN::BusMaster: CAN2 failed to receive message: 1[0m
15:04:14.086 [0;33mW (5530) CAN::BusMaster: CAN1 failed to receive message: 1[0m
15:04:14.087 [0;33mW (5530) CAN::BusMaster: CAN2 failed to receive message: 1[0m
15:04:14.186 [0;33mW (5630) CAN::BusMaster: CAN1 failed to receive message: 1[0m
15:04:14.187 [0;33mW (5630) CAN::BusMaster: CAN2 failed to receive message: 1[0m
15:04:14.246 D (5690) DiagnosticsService: Memory free: IRAM: 190948, DRAM: 190948[0m
15:04:14.287 [0;33mW (5730) CAN::BusMaster: CAN1 failed to receive message: 1[0m
15:04:14.288 [0;33mW (5730) CAN::BusMaster: CAN2 failed to receive message: 1[0m
15:04:14.386 [0;33mW (5830) CAN::BusMaster: CAN1 failed to receive message: 1[0m
15:04:14.387 [0;33mW (5830) CAN::BusMaster: CAN2 failed to receive message: 1[0m
15:04:14.486 [0;33mW (5930) CAN::BusMaster: CAN1 failed to receive message: 1[0m
15:04:14.486 [0;33mW (5930) CAN::BusMaster: CAN2 failed to receive message: 1[0m
15:04:14.586 [0;33mW (6030) CAN::BusMaster: CAN1 failed to receive message: 1[0m
15:04:14.586 [0;33mW (6030) CAN::BusMaster: CAN2 failed to receive message: 1[0m
15:04:14.686 [0;33mW (6130) CAN::BusMaster: CAN1 failed to receive message: 1[0m
15:04:14.687 [0;33mW (6130) CAN::BusMaster: CAN2 failed to receive message: 1[0m
15:04:14.786 [0;33mW (6230) CAN::BusMaster: CAN1 failed to receive message: 1[0m
15:04:14.787 [0;33mW (6230) CAN::BusMaster: CAN2 failed to receive message: 1[0m
15:04:14.886 [0;33mW (6330) CAN::BusMaster: CAN1 failed to receive message: 1[0m
15:04:14.887 [0;33mW (6330) CAN::BusMaster: CAN2 failed to receive message: 1[0m
15:04:14.986 [0;33mW (6430) CAN::BusMaster: CAN1 failed to receive message: 1[0m
15:04:14.987 [0;33mW (6430) CAN::BusMaster: CAN2 failed to receive message: 1[0m
15:04:15.086 [0;33mW (6530) CAN::BusMaster: CAN1 failed to receive message: 1[0m
15:04:15.089 [0;33mW (6530) CAN::BusMaster: CAN2 failed to receive message: 1[0m
15:04:15.186 [0;33mW (6630) CAN::BusMaster: CAN1 failed to receive message: 1[0m
15:04:15.186 [0;33mW (6630) CAN::BusMaster: CAN2 failed to receive message: 1[0m
15:04:15.286 [0;33mW (6730) CAN::BusMaster: CAN1 failed to receive message: 1[0m
15:04:15.287 [0;33mW (6730) CAN::BusMaster: CAN2 failed to receive message: 1[0m
15:04:15.386 [0;33mW (6830) CAN::BusMaster: CAN1 failed to receive message: 1[0m
15:04:15.387 [0;33mW (6830) CAN::BusMaster: CAN2 failed to receive message: 1[0m
15:04:15.486 [0;33mW (6930) CAN::BusMaster: CAN1 failed to receive message: 1[0m
15:04:15.487 [0;33mW (6930) CAN::BusMaster: CAN2 failed to receive message: 1[0m
15:04:15.586 [0;33mW (7030) CAN::BusMaster: CAN1 failed to receive message: 1[0m
15:04:15.587 [0;33mW (7030) CAN::BusMaster: CAN2 failed to receive message: 1[0m
15:04:15.686 [0;33mW (7130) CAN::BusMaster: CAN1 failed to receive message: 1[0m
15:04:15.687 [0;33mW (7130) CAN::BusMaster: CAN2 failed to receive message: 1[0m
15:04:15.786 [0;33mW (7230) CAN::BusMaster: CAN1 failed to receive message: 1[0m
15:04:15.787 [0;33mW (7230) CAN::BusMaster: CAN2 failed to receive message: 1[0m
15:04:16.126 CAN::Logger:7260,49,768,0,0,8,0,90,0,90,0,0,0,17
15:04:16.126 CAN::Logger:7260,49,769,0,0,3,179,1,0
15:04:16.127 CAN::Logger:7280,50,1025,0,0,8,170,34,0,0,0,0,0,0
15:04:16.131 CAN::Logger:7300,50,1024,0,0,8,0,0,0,0,0,0,0,0
15:04:16.135 CAN::Logger:7310,49,768,0,0,8,0,90,0,90,0,0,0,34
15:04:16.138 CAN::Logger:7310,49,769,0,0,3,107,2,0
15:04:16.143 CAN::Logger:7360,49,768,0,0,8,0,90,0,90,0,0,0,51
15:04:16.146 CAN::Logger:7360,49,769,0,0,3,150,3,0
15:04:16.151 CAN::Logger:7380,50,1025,0,0,8,170,34,0,0,0,0,0,0
15:04:16.155 CAN::Logger:7400,50,1024,0,0,8,0,0,4,0,0,0,0,0
15:04:16.159 CAN::Logger:7410,49,768,0,0,8,0,90,0,90,0,0,0,68
15:04:16.162 CAN::Logger:7410,49,769,0,0,3,3,4,0
15:04:16.167 CAN::Logger:7460,49,768,0,0,8,0,90,0,90,0,0,0,85
15:04:16.170 CAN::Logger:7460,49,769,0,0,3,84,5,0
15:04:16.175 CAN::Logger:7480,50,1025,0,0,8,170,34,0,0,18,0,0,0
15:04:16.179 CAN::Logger:7500,50,1024,0,0,8,0,0,4,0,0,0,0,0
15:04:16.183 CAN::Logger:7510,49,768,0,0,8,0,90,0,90,0,0,0,102
15:04:16.186 CAN::Logger:7510,49,769,0,0,3,245,6,0
15:04:16.191 CAN::Logger:7560,49,768,0,0,8,0,90,0,90,0,0,0,119
15:04:16.194 CAN::Logger:7560,49,769,0,0,3,184,7,0
15:04:16.316 [0;33mW (7760) CAN::BusMaster: CAN1 failed to receive message: 1[0m
15:04:16.416 [0;33mW (7860) CAN::BusMaster: CAN1 failed to receive message: 1[0m
15:04:16.686 CAN::Logger:7580,50,1025,0,0,8,83,62,0,0,18,0,0,0
15:04:16.686 CAN::Logger:7600,50,1024,0,0,8,0,0,4,0,0,0,0,0
15:04:16.687 CAN::Logger:7610,49,768,0,0,8,0,90,0,90,0,0,0,136
15:04:16.691 CAN::Logger:7610,49,769,0,0,3,128,8,0
15:04:16.695 CAN::Logger:7650,50,513,0,0,5,0,0,0,0,104
15:04:16.699 CAN::Logger:7660,49,768,0,0,8,0,90,0,90,0,0,0,153
15:04:16.702 CAN::Logger:7660,49,769,0,0,3,136,9,0
15:04:16.707 CAN::Logger:7660,50,515,0,0,8,0,0,0,0,0,0,255,15
15:04:16.711 CAN::Logger:7670,50,516,0,0,8,0,0,0,0,0,0,0,0
15:04:16.715 CAN::Logger:7680,50,1025,0,0,8,83,62,0,0,72,0,0,0
15:04:16.719 CAN::Logger:7680,50,518,0,0,8,0,0,0,0,0,0,0,0
15:04:16.724 CAN::Logger:7690,50,514,0,0,8,226,0,0,0,0,0,0,0
15:04:16.728 CAN::Logger:7700,50,1638,0,0,8,82,8,5,0,82,149,54,2
15:04:16.732 CAN::Logger:7700,50,1024,0,0,8,1,0,12,0,0,0,0,0
15:04:16.737 CAN::Logger:7710,50,1637,0,0,8,0,0,0,83,76,24,83,0
15:04:16.741 CAN::Logger:7720,50,512,0,0,8,0,0,0,0,0,0,0,0
15:04:16.745 CAN::Logger:7750,50,513,0,0,5,0,0,0,0,0
15:04:16.749 CAN::Logger:7760,50,1026,0,0,8,87,0,0,0,72,148,8,0
15:04:16.753 CAN::Logger:7760,50,515,0,0,8,0,0,0,0,0,0,0,0
15:04:16.758 CAN::Logger:7780,50,1025,0,0,8,220,158,0,0,72,0,0,0
15:04:16.762 CAN::Logger:7780,50,518,0,0,8,0,0,0,0,0,0,0,0
15:04:16.766 CAN::Logger:7800,50,1024,0,0,8,1,0,12,0,0,0,0,0
15:04:16.770 CAN::Logger:7850,50,513,0,0,5,0,0,0,0,0
15:04:16.774 CAN::Logger:7860,50,515,0,0,8,0,0,0,0,0,0,0,0
15:04:16.778 CAN::Logger:7880,50,1025,0,0,8,220,158,0,0,72,0,0,0
15:04:16.782 CAN::Logger:7880,49,1028,0,0,2,1,0
15:04:16.785 CAN::Logger:7880,49,769,0,0,3,179,1,0
15:04:16.789 CAN::Logger:7880,50,1029,0,0,8,1,0,0,0,0,4,6,4
15:04:16.793 CAN::Logger:7880,50,518,0,0,8,0,0,0,0,0,0,0,0
15:04:16.797 CAN::Logger:7900,50,1024,0,0,8,1,0,12,0,0,0,0,0
15:04:16.800 CAN::Logger:7900,49,1104,0,0,2,74,0
15:04:16.805 CAN::Logger:7910,49,768,0,0,8,0,90,0,90,0,0,0,17
15:04:16.809 CAN::Logger:7930,49,768,0,0,8,0,90,0,90,0,0,0,34
15:04:16.813 CAN::Logger:7930,49,769,0,0,3,107,2,0
15:04:16.816 CAN::Logger:7950,50,513,0,0,5,0,0,0,0,0
15:04:16.820 CAN::Logger:7960,50,515,0,0,8,0,0,0,0,0,0,0,0
15:04:16.825 CAN::Logger:7980,50,1025,0,0,8,220,158,0,0,228,0,0,0
15:04:16.829 CAN::Logger:7980,49,768,0,0,8,0,90,0,90,0,0,0,51
15:04:16.833 CAN::Logger:7980,49,769,0,0,3,150,3,0
15:04:16.837 CAN::Logger:7980,50,518,0,0,8,0,0,0,0,0,0,0,0
15:04:16.841 CAN::Logger:8000,50,1024,0,0,8,1,0,12,0,0,0,0,0
15:04:16.844 CAN::Logger:8010,49,1188,0,0,2,1,0
15:04:16.847 CAN::Logger:8020,49,1104,0,0,2,74,0
15:04:16.847 CAN::Logger:8030,49,768,0,0,8,0,90,0,90,0,0,0,68
15:04:16.855 CAN::Logger:8030,49,769,0,0,3,3,4,0
15:04:16.858 CAN::Logger:8050,50,513,0,0,5,0,0,0,0,0
15:04:16.862 CAN::Logger:8060,50,515,0,0,8,0,0,0,0,0,0,0,0
15:04:16.867 CAN::Logger:8080,50,1025,0,0,8,220,158,0,0,228,0,0,0
15:04:16.872 CAN::Logger:8080,49,768,0,0,8,0,90,0,90,0,0,0,85
15:04:16.875 CAN::Logger:8080,49,769,0,0,3,84,5,0
15:04:16.879 CAN::Logger:8080,50,518,0,0,8,0,0,0,0,0,0,0,0
15:04:16.883 CAN::Logger:8100,50,1024,0,0,8,1,0,12,0,0,0,0,0
15:04:17.377 CAN::Logger:8130,49,768,0,0,8,0,90,0,90,0,0,0,102
15:04:17.379 CAN::Logger:8130,49,769,0,0,3,245,6,0
15:04:17.380 CAN::Logger:8140,49,785,0,0,8,4,0,0,0,75,0,0,0
15:04:17.382 CAN::Logger:8150,50,513,0,0,5,0,0,0,0,0
15:04:17.383 CAN::Logger:8160,50,515,0,0,8,0,0,0,0,0,0,0,0
15:04:17.387 CAN::Logger:8170,49,1104,0,0,2,74,0
15:04:17.392 CAN::Logger:8180,50,1025,0,0,8,220,158,0,0,72,0,0,0
15:04:17.396 CAN::Logger:8180,49,768,0,0,8,0,90,0,90,0,0,0,119
15:04:17.400 CAN::Logger:8180,49,769,0,0,3,184,7,0
15:04:17.404 CAN::Logger:8180,50,518,0,0,8,0,0,0,0,0,0,0,0
15:04:17.408 CAN::Logger:8200,50,1024,0,0,8,1,0,12,0,0,0,0,0
15:04:17.412 CAN::Logger:8230,49,768,0,0,8,0,90,0,90,0,0,0,136
15:04:17.416 CAN::Logger:8230,49,769,0,0,3,128,8,0
15:04:17.419 CAN::Logger:8250,50,513,0,0,5,0,0,0,0,0
15:04:17.424 CAN::Logger:8260,50,1027,0,0,8,100,0,0,0,64,227,9,0
15:04:17.428 CAN::Logger:8260,50,515,0,0,8,0,0,0,0,0,0,0,0
15:04:17.433 CAN::Logger:8280,50,1025,0,0,8,220,158,0,0,72,0,0,0
15:04:17.437 CAN::Logger:8280,49,768,0,0,8,0,90,0,90,0,0,0,153
15:04:17.440 CAN::Logger:8280,49,769,0,0,3,136,9,0
15:04:17.445 CAN::Logger:8280,50,518,0,0,8,0,0,0,0,0,0,0,0
15:04:17.448 CAN::Logger:8300,49,1028,0,0,2,74,0
15:04:17.452 CAN::Logger:8300,50,1029,0,0,8,74,0,0,0,6,0,0,0
15:04:17.456 CAN::Logger:8300,50,1024,0,0,8,1,0,12,0,0,0,0,0
15:04:17.459 CAN::Logger:8330,49,1028,0,0,2,2,48
15:04:17.464 CAN::Logger:8330,50,1029,0,0,7,2,48,0,0,0,0,0
15:04:17.468 CAN::Logger:8330,49,768,0,0,8,0,90,0,90,0,0,0,170
15:04:17.471 CAN::Logger:8330,49,769,0,0,3,198,10,0
15:04:17.475 CAN::Logger:8350,50,513,0,0,5,0,0,0,0,0
15:04:17.479 CAN::Logger:8360,50,515,0,0,8,0,0,0,0,0,0,0,0
15:04:17.484 CAN::Logger:8380,50,1025,0,0,8,220,158,0,0,72,0,0,0
15:04:17.488 CAN::Logger:8380,49,768,0,0,8,0,90,0,90,0,0,0,187
15:04:17.491 CAN::Logger:8380,49,769,0,0,3,67,11,0
15:04:17.496 CAN::Logger:8380,50,518,0,0,8,0,0,0,0,0,0,0,0
15:04:17.499 CAN::Logger:8390,49,1028,0,0,2,68,0
15:04:17.503 CAN::Logger:8390,50,1029,0,0,6,68,0,0,0,80,70
15:04:17.509 CAN::Logger:8400,50,1024,0,0,8,1,0,12,0,0,0,0,0
15:04:17.510 CAN::Logger:8420,49,1028,0,0,2,1,0
15:04:17.514 CAN::Logger:8420,50,1029,0,0,8,1,0,0,0,0,4,6,4
15:04:17.519 CAN::Logger:8430,49,768,0,0,8,0,90,0,90,0,0,0,204
15:04:17.522 CAN::Logger:8430,49,769,0,0,3,181,12,0
15:04:17.526 CAN::Logger:8450,50,513,0,0,5,0,0,0,0,0
15:04:17.529 CAN::Logger:8450,49,1028,0,0,2,163,1
15:04:17.533 CAN::Logger:8450,50,1029,0,0,5,163,1,0,0,6
15:04:17.537 CAN::Logger:8460,50,515,0,0,8,0,0,0,0,0,0,0,0
15:04:17.542 CAN::Logger:8480,50,1025,0,0,8,220,158,0,0,70,0,0,0
15:04:17.546 CAN::Logger:8480,49,768,0,0,8,0,90,0,90,0,0,0,221
15:04:17.549 CAN::Logger:8480,49,769,0,0,3,78,13,0
15:04:17.553 CAN::Logger:8480,49,1028,0,0,2,32,0
15:04:17.557 CAN::Logger:8490,50,518,0,0,8,0,0,0,0,0,0,0,0
15:04:17.561 CAN::Logger:8490,50,1029,0,0,8,32,0,0,0,50,51,54,71
15:04:17.566 CAN::Logger:8500,50,1024,0,0,8,1,0,12,0,0,0,0,0
15:04:17.569 CAN::Logger:8520,49,1028,0,0,2,33,0
15:04:17.573 CAN::Logger:8520,50,1029,0,0,8,33,0,0,0,53,76,65,49
15:04:17.578 CAN::Logger:8530,49,768,0,0,8,0,90,0,90,0,0,0,238
15:04:17.581 CAN::Logger:8530,49,769,0,0,3,29,14,0
15:04:17.584 CAN::Logger:8550,49,1028,0,0,2,34,0
15:04:17.589 CAN::Logger:8550,50,1029,0,0,8,34,0,0,0,48,48,52,82
15:04:17.593 CAN::Logger:8550,50,513,0,0,5,0,0,0,0,0
15:04:17.597 CAN::Logger:8560,50,515,0,0,8,0,0,0,0,0,0,0,0
15:04:17.600 CAN::Logger:8580,49,1028,0,0,2,35,0
15:04:17.605 CAN::Logger:8580,50,1029,0,0,8,35,0,0,0,77,48,48,48
15:04:17.609 CAN::Logger:8580,50,1025,0,0,8,220,158,0,0,70,0,0,0
15:04:17.613 CAN::Logger:8580,49,768,0,0,8,0,90,0,90,0,0,0,255
15:04:17.617 CAN::Logger:8580,49,769,0,0,3,232,15,0
15:04:17.621 CAN::Logger:8590,50,518,0,0,8,0,0,0,0,0,0,0,0
15:04:17.625 CAN::Logger:8600,50,1024,0,0,8,1,0,12,0,0,0,0,0
15:04:17.628 CAN::Logger:8610,49,1028,0,0,2,36,0
15:04:17.633 CAN::Logger:8610,50,1029,0,0,8,36,0,0,0,48,48,48,48
15:04:17.637 CAN::Logger:8630,49,768,0,0,8,0,90,0,90,0,0,0,0
15:04:17.641 CAN::Logger:8630,49,769,0,0,3,226,0,0
