15:01:10.012 CAN::Logger:559045,49,768,0,0,8,3,90,100,90,100,0,100,35
15:01:10.013 CAN::Logger:559045,49,769,0,0,3,150,3,0
15:01:10.014 CAN::Logger:559045,50,515,0,0,8,0,0,0,0,0,0,0,0
15:01:10.018 CAN::Logger:559075,50,518,0,0,8,0,0,0,0,0,0,0,0
15:01:10.024 CAN::Logger:559095,49,768,0,0,8,3,90,100,90,100,0,100,52
15:01:10.026 CAN::Logger:559095,49,769,0,0,3,3,4,0
15:01:10.031 CAN::Logger:559105,50,1025,0,0,8,172,158,0,0,69,0,0,0
15:01:10.035 CAN::Logger:559125,50,1024,0,0,8,1,0,12,0,0,0,0,0
15:01:10.039 CAN::Logger:559135,50,513,0,0,5,0,0,0,0,98
15:01:10.044 CAN::Logger:559145,49,768,0,0,8,3,90,100,90,100,0,100,37
15:01:10.048 CAN::Logger:559145,49,769,0,0,3,84,5,0
15:01:10.052 CAN::Logger:559145,50,515,0,0,8,0,0,0,0,0,0,0,0
15:01:10.056 CAN::Logger:559175,50,518,0,0,8,0,0,0,0,0,0,0,0
15:01:10.061 CAN::Logger:559185,50,1027,0,0,8,100,0,0,0,64,227,9,0
15:01:10.067 CAN::Logger:559195,49,768,0,0,8,3,90,100,90,100,0,100,54
15:01:10.070 CAN::Logger:559195,49,769,0,0,3,245,6,0
15:01:10.074 CAN::Logger:559205,50,1025,0,0,8,172,158,0,0,69,0,0,0
15:01:10.079 CAN::Logger:559225,50,1024,0,0,8,1,0,12,0,0,0,0,0
15:01:10.083 CAN::Logger:559235,50,513,0,0,5,0,0,0,0,98
15:01:10.087 CAN::Logger:559245,50,515,0,0,8,0,0,0,0,0,0,0,0
15:01:10.092 CAN::Logger:559245,49,768,0,0,8,3,90,100,90,100,0,100,39
15:01:10.095 CAN::Logger:559245,49,769,0,0,3,184,7,0
15:01:10.100 CAN::Logger:559275,50,518,0,0,8,0,0,0,0,0,0,0,0
15:01:10.103 CAN::Logger:559275,49,1028,0,0,2,74,0
15:01:10.108 CAN::Logger:559275,50,1029,0,0,8,74,0,0,0,6,0,0,0
15:01:10.113 CAN::Logger:559295,49,768,0,0,8,3,90,100,90,100,0,100,184
15:01:10.116 CAN::Logger:559295,49,769,0,0,3,128,8,0
15:01:10.119 CAN::Logger:559305,49,1028,0,0,2,2,48
15:01:10.124 CAN::Logger:559305,50,1029,0,0,7,2,48,0,0,0,0,0
15:01:10.129 CAN::Logger:559305,50,1025,0,0,8,172,158,0,0,69,0,0,0
15:01:10.133 CAN::Logger:559325,50,1024,0,0,8,1,0,12,0,0,0,0,0
15:01:10.136 CAN::Logger:559335,49,1028,0,0,2,68,0
15:01:10.141 CAN::Logger:559335,50,1029,0,0,6,68,0,0,0,80,70
15:01:10.144 CAN::Logger:559335,50,513,0,0,5,0,0,0,0,98
15:01:10.150 CAN::Logger:559345,49,768,0,0,8,3,90,100,90,100,0,100,169
15:01:10.153 CAN::Logger:559345,49,769,0,0,3,136,9,0
15:01:10.157 CAN::Logger:559345,50,515,0,0,8,0,0,0,0,0,0,0,0
15:01:10.161 CAN::Logger:559365,49,1028,0,0,2,1,0
15:01:10.165 CAN::Logger:559365,50,1029,0,0,8,1,0,0,0,0,4,6,4
15:01:10.169 CAN::Logger:559375,50,518,0,0,8,0,0,0,0,0,0,0,0
15:01:10.174 CAN::Logger:559395,49,768,0,0,8,3,90,100,90,100,0,100,186
15:01:10.178 CAN::Logger:559395,49,769,0,0,3,198,10,0
15:01:10.181 CAN::Logger:559395,49,1028,0,0,2,163,1
15:01:10.185 CAN::Logger:559395,50,1029,0,0,5,163,1,0,0,6
15:01:10.190 CAN::Logger:559405,50,1025,0,0,8,172,158,0,0,69,0,0,0
15:01:10.195 CAN::Logger:559425,50,1024,0,0,8,1,0,12,0,0,0,0,0
15:01:10.198 CAN::Logger:559435,49,1028,0,0,2,32,0
15:01:10.203 CAN::Logger:559435,50,1029,0,0,8,32,0,0,0,50,51,54,71
15:01:10.207 CAN::Logger:559435,50,513,0,0,5,0,0,0,0,98
15:01:10.212 CAN::Logger:559445,49,768,0,0,8,3,90,100,90,100,0,100,171
15:01:10.215 CAN::Logger:559445,49,769,0,0,3,67,11,0
15:01:10.220 CAN::Logger:559445,50,515,0,0,8,0,0,0,0,0,0,0,0
15:01:10.223 CAN::Logger:559455,49,1028,0,0,2,33,0
15:01:10.228 CAN::Logger:559465,50,1029,0,0,8,33,0,0,0,53,76,65,49
15:01:10.232 CAN::Logger:559475,50,518,0,0,8,0,0,0,0,0,0,0,0
15:01:10.235 CAN::Logger:559495,49,1028,0,0,2,34,0
15:01:10.240 CAN::Logger:559495,50,1029,0,0,8,34,0,0,0,48,48,52,82
15:01:10.245 CAN::Logger:559495,49,768,0,0,8,3,90,100,90,100,0,100,188
15:01:10.249 CAN::Logger:559495,49,769,0,0,3,181,12,0
15:01:10.254 CAN::Logger:559505,50,1025,0,0,8,172,158,0,0,70,0,0,0
15:01:10.257 CAN::Logger:559525,49,1028,0,0,2,35,0
15:01:10.262 CAN::Logger:559525,50,1029,0,0,8,35,0,0,0,77,48,48,48
15:01:10.267 CAN::Logger:559525,50,1024,0,0,8,1,0,12,0,0,0,0,0
15:01:10.270 CAN::Logger:559535,50,513,0,0,5,0,0,0,0,98
15:01:10.275 CAN::Logger:559545,49,768,0,0,8,3,90,100,90,100,0,100,173
15:01:10.279 CAN::Logger:559545,49,769,0,0,3,78,13,0
15:01:10.283 CAN::Logger:559545,50,515,0,0,8,0,0,0,0,0,0,0,0
15:01:10.286 CAN::Logger:559555,49,1028,0,0,2,36,0
15:01:10.291 CAN::Logger:559555,50,1029,0,0,8,36,0,0,0,48,48,48,48
15:01:10.295 CAN::Logger:559575,50,518,0,0,8,0,0,0,0,0,0,0,0
15:01:10.299 CAN::Logger:559595,49,1028,0,0,2,37,0
15:01:10.304 CAN::Logger:559595,50,1029,0,0,8,37,0,0,0,48,48,48,48
15:01:10.309 CAN::Logger:559595,49,768,0,0,8,3,90,100,90,100,0,100,190
15:01:10.312 CAN::Logger:559595,49,769,0,0,3,29,14,0
15:01:10.317 CAN::Logger:559605,50,1025,0,0,8,172,158,0,0,70,0,0,0
15:01:10.320 CAN::Logger:559615,49,1028,0,0,2,38,0
15:01:10.325 CAN::Logger:559615,50,1029,0,0,8,38,0,0,0,48,48,48,48
15:01:10.330 CAN::Logger:559625,50,1024,0,0,8,1,0,12,0,0,0,0,0
15:01:10.333 CAN::Logger:559635,50,513,0,0,5,0,0,0,0,98
15:01:10.339 CAN::Logger:559645,49,768,0,0,8,3,90,100,90,100,0,100,175
15:01:10.342 CAN::Logger:559645,49,769,0,0,3,232,15,0
15:01:10.346 CAN::Logger:559645,50,515,0,0,8,0,0,0,0,0,0,0,0
15:01:10.351 CAN::Logger:559645,49,1028,0,0,2,39,0
15:01:10.354 CAN::Logger:559645,50,1029,0,0,6,39,0,0,0,48,48
15:01:10.358 CAN::Logger:559655,50,516,0,0,8,0,0,0,0,0,0,0,0
15:01:10.363 CAN::Logger:559675,50,518,0,0,8,0,0,0,0,0,0,0,0
15:01:10.367 CAN::Logger:559675,50,514,0,0,8,226,20,0,0,17,128,5,0
15:01:10.371 CAN::Logger:559675,49,1028,0,0,2,76,0
15:01:10.375 CAN::Logger:559675,50,1029,0,0,8,76,0,0,0,1,36,0,0
15:01:10.380 CAN::Logger:559685,50,1026,0,0,8,87,0,0,0,144,148,8,0
15:01:10.385 CAN::Logger:559695,49,768,0,0,8,3,90,100,90,100,0,100,48
15:01:10.389 CAN::Logger:559695,49,769,0,0,3,226,0,0
15:01:10.394 CAN::Logger:559705,50,1025,0,0,8,174,158,0,0,70,0,0,0
15:01:10.397 CAN::Logger:559705,49,1028,0,0,2,70,0
15:01:10.401 CAN::Logger:559715,50,1029,0,0,5,70,0,0,0,0
15:01:10.405 CAN::Logger:559725,50,1024,0,0,8,1,0,12,0,0,0,0,0
15:01:10.409 CAN::Logger:559735,50,513,0,0,5,0,0,0,0,98
15:01:10.412 CAN::Logger:559745,49,1028,0,0,2,77,0
15:01:10.417 CAN::Logger:559745,50,1029,0,0,8,77,0,0,0,0,0,0,0
15:01:10.422 CAN::Logger:559745,49,768,0,0,8,3,90,100,90,100,0,100,33
15:01:10.425 CAN::Logger:559745,49,769,0,0,3,179,1,0
15:01:10.430 CAN::Logger:559745,50,515,0,0,8,0,0,0,0,0,0,0,0
15:01:10.434 CAN::Logger:559775,50,518,0,0,8,0,0,0,0,0,0,0,0
15:01:10.437 CAN::Logger:559775,49,1028,0,0,2,80,0
15:01:10.442 CAN::Logger:559775,50,1029,0,0,8,80,0,0,0,128,0,127,0
15:01:10.447 CAN::Logger:559795,49,768,0,0,8,3,90,100,90,100,0,100,50
15:01:10.451 CAN::Logger:559795,49,769,0,0,3,107,2,0
15:01:10.454 CAN::Logger:559805,49,1028,0,0,2,2,0
15:01:10.459 CAN::Logger:559805,50,1029,0,0,8,2,0,0,0,83,73,67,84
15:01:10.463 CAN::Logger:559805,50,1025,0,0,8,174,158,0,0,69,0,0,0
15:01:10.468 CAN::Logger:559825,50,1024,0,0,8,1,0,12,0,0,0,0,0
15:01:10.471 CAN::Logger:559835,49,1028,0,0,2,10,0
15:01:10.476 CAN::Logger:559835,50,1029,0,0,8,10,0,0,0,48,58,0,0
15:01:10.480 CAN::Logger:559835,50,513,0,0,5,0,0,0,0,98
15:01:10.485 CAN::Logger:559845,49,768,0,0,8,3,90,100,90,100,0,100,35
15:01:10.488 CAN::Logger:559845,49,769,0,0,3,150,3,0
15:01:10.492 CAN::Logger:559845,50,515,0,0,8,0,0,0,0,0,0,0,0
15:01:10.992 CAN::Logger:559865,49,1028,0,0,2,4,0
15:01:10.993 CAN::Logger:559865,50,1029,0,0,7,4,0,0,0,22,9,2
15:01:10.993 CAN::Logger:559875,50,518,0,0,8,0,0,0,0,0,0,0,0
15:01:10.997 CAN::Logger:559895,49,768,0,0,8,3,90,100,90,100,0,100,52
15:01:11.001 CAN::Logger:559895,49,769,0,0,3,3,4,0
15:01:11.004 CAN::Logger:559905,49,1028,0,0,2,176,1
15:01:11.008 CAN::Logger:559905,50,1029,0,0,6,176,1,0,0,0,0
15:01:11.013 CAN::Logger:559905,50,1025,0,0,8,174,158,0,0,69,0,0,0
15:01:11.018 CAN::Logger:559925,50,1024,0,0,8,1,0,12,0,0,0,0,0
15:01:11.021 CAN::Logger:559925,49,1028,0,0,2,177,1
15:01:11.025 CAN::Logger:559925,50,1029,0,0,6,177,1,0,0,0,0
15:01:11.029 CAN::Logger:559935,50,513,0,0,5,0,0,0,0,98
15:01:11.034 CAN::Logger:559945,49,768,0,0,8,3,90,100,90,100,0,100,37
15:01:11.038 CAN::Logger:559945,49,769,0,0,3,84,5,0
15:01:11.042 CAN::Logger:559945,50,515,0,0,8,0,0,0,0,0,0,0,0
15:01:11.046 CAN::Logger:559975,50,518,0,0,8,0,0,0,0,0,0,0,0
15:01:11.051 CAN::Logger:559995,49,768,0,0,8,3,90,100,90,100,0,100,54
15:01:11.055 CAN::Logger:559995,49,769,0,0,3,245,6,0
15:01:11.059 CAN::Logger:560005,50,1025,0,0,8,172,158,0,0,69,0,0,0
15:01:11.064 CAN::Logger:560025,50,1024,0,0,8,1,0,12,0,0,0,0,0
15:01:11.068 CAN::Logger:560035,50,513,0,0,5,0,0,0,0,98
15:01:11.073 CAN::Logger:560045,49,768,0,0,8,3,90,100,90,100,0,100,39
15:01:11.076 CAN::Logger:560045,49,769,0,0,3,184,7,0
15:01:11.081 CAN::Logger:560045,50,515,0,0,8,0,0,0,0,0,0,0,0
15:01:11.085 CAN::Logger:560075,50,518,0,0,8,0,0,0,0,0,0,0,0
15:01:11.090 CAN::Logger:560095,49,768,0,0,8,3,90,100,90,100,0,100,184
15:01:11.093 CAN::Logger:560095,49,769,0,0,3,128,8,0
15:01:11.098 CAN::Logger:560105,50,1025,0,0,8,172,158,0,0,69,0,0,0
15:01:11.103 CAN::Logger:560125,50,1024,0,0,8,1,0,12,0,0,0,0,0
15:01:11.106 CAN::Logger:560135,50,513,0,0,5,0,0,0,0,98
15:01:11.112 CAN::Logger:560145,49,768,0,0,8,3,90,100,90,100,0,100,169
15:01:11.115 CAN::Logger:560145,49,769,0,0,3,136,9,0
15:01:11.119 CAN::Logger:560145,50,515,0,0,8,0,0,0,0,0,0,0,0
15:01:11.124 CAN::Logger:560175,50,518,0,0,8,0,0,0,0,0,0,0,0
15:01:11.130 D (560975) DiagnosticsService: Memory free: IRAM: 190972, DRAM: 190972[0m
15:01:11.135 CAN::Logger:560185,50,1027,0,0,8,100,0,0,0,64,227,9,0
15:01:11.140 CAN::Logger:560195,49,768,0,0,8,3,90,100,90,100,0,100,186
15:01:11.144 CAN::Logger:560195,49,769,0,0,3,198,10,0
15:01:11.149 CAN::Logger:560205,50,1025,0,0,8,172,158,0,0,69,0,0,0
15:01:11.153 CAN::Logger:560225,50,1024,0,0,8,1,0,12,0,0,0,0,0
15:01:11.157 CAN::Logger:560235,50,513,0,0,5,0,0,0,0,98
15:01:11.162 CAN::Logger:560245,49,768,0,0,8,3,90,100,90,100,0,100,171
15:01:11.166 CAN::Logger:560245,50,515,0,0,8,0,0,0,0,0,0,0,0
15:01:11.170 CAN::Logger:560245,49,769,0,0,3,67,11,0
15:01:11.174 CAN::Logger:560275,50,518,0,0,8,0,0,0,0,0,0,0,0
15:01:11.179 CAN::Logger:560295,49,768,0,0,8,3,90,100,90,100,0,100,188
15:01:11.183 CAN::Logger:560295,49,769,0,0,3,181,12,0
15:01:11.188 CAN::Logger:560305,50,1025,0,0,8,172,158,0,0,69,0,0,0
15:01:11.192 CAN::Logger:560325,50,1024,0,0,8,1,0,12,0,0,0,0,0
15:01:11.196 CAN::Logger:560335,50,513,0,0,5,0,0,0,0,98
15:01:11.201 CAN::Logger:560345,49,768,0,0,8,3,90,100,90,100,0,100,173
15:01:11.204 CAN::Logger:560345,49,769,0,0,3,78,13,0
15:01:11.209 CAN::Logger:560345,50,515,0,0,8,0,0,0,0,0,0,0,0
15:01:11.213 CAN::Logger:560375,50,518,0,0,8,0,0,0,0,0,0,0,0
15:01:11.218 CAN::Logger:560395,49,768,0,0,8,3,90,100,90,100,0,100,190
15:01:11.222 CAN::Logger:560395,49,769,0,0,3,29,14,0
15:01:11.226 CAN::Logger:560405,50,1025,0,0,8,172,158,0,0,69,0,0,0
15:01:11.231 CAN::Logger:560425,50,1024,0,0,8,1,0,12,0,0,0,0,0
15:01:11.235 CAN::Logger:560435,50,513,0,0,5,0,0,0,0,98
15:01:11.240 CAN::Logger:560445,49,768,0,0,8,3,90,100,90,100,0,100,175
15:01:11.243 CAN::Logger:560445,49,769,0,0,3,232,15,0
15:01:11.248 CAN::Logger:560445,50,515,0,0,8,0,0,0,0,0,0,0,0
15:01:11.252 CAN::Logger:560475,50,518,0,0,8,0,0,0,0,0,0,0,0
15:01:11.257 CAN::Logger:560495,49,768,0,0,8,3,90,100,90,100,0,100,48
15:01:11.261 CAN::Logger:560495,49,769,0,0,3,226,0,0
15:01:11.265 CAN::Logger:560505,50,1025,0,0,8,176,158,0,0,69,0,0,0
15:01:11.270 CAN::Logger:560525,50,1024,0,0,8,1,0,12,0,0,0,0,0
15:01:11.274 CAN::Logger:560535,50,513,0,0,5,0,0,0,0,98
15:01:11.279 CAN::Logger:560545,49,768,0,0,8,3,90,100,90,100,0,100,33
15:01:11.282 CAN::Logger:560545,49,769,0,0,3,179,1,0
15:01:11.286 CAN::Logger:560545,50,515,0,0,8,0,0,0,0,0,0,0,0
15:01:11.291 CAN::Logger:560575,50,518,0,0,8,0,0,0,0,0,0,0,0
15:01:11.296 CAN::Logger:560595,49,768,0,0,8,3,90,100,90,100,0,100,50
15:01:11.299 CAN::Logger:560595,49,769,0,0,3,107,2,0
15:01:11.304 CAN::Logger:560605,50,1025,0,0,8,176,158,0,0,69,0,0,0
15:01:11.308 CAN::Logger:560625,50,1024,0,0,8,1,0,12,0,0,0,0,0
15:01:11.312 CAN::Logger:560635,50,513,0,0,5,0,0,0,0,98
15:01:11.317 CAN::Logger:560645,49,768,0,0,8,3,90,100,90,100,0,100,35
15:01:11.321 CAN::Logger:560645,49,769,0,0,3,150,3,0
15:01:11.325 CAN::Logger:560645,50,515,0,0,8,0,0,0,0,0,0,0,0
15:01:11.329 CAN::Logger:560655,50,516,0,0,8,0,0,0,0,0,0,0,0
15:01:11.334 CAN::Logger:560675,50,518,0,0,8,0,0,0,0,0,0,0,0
15:01:11.338 CAN::Logger:560675,50,514,0,0,8,226,20,0,0,17,128,5,0
15:01:11.343 CAN::Logger:560685,50,1638,0,0,8,82,8,5,0,82,149,54,2
15:01:11.348 CAN::Logger:560685,50,1026,0,0,8,87,0,0,0,144,148,8,0
15:01:11.353 CAN::Logger:560695,50,1637,0,0,8,0,0,0,83,76,24,83,0
15:01:11.358 CAN::Logger:560695,49,768,0,0,8,3,90,100,90,100,0,100,52
15:01:11.361 CAN::Logger:560695,49,769,0,0,3,3,4,0
15:01:11.366 CAN::Logger:560705,50,512,0,0,8,87,0,242,148,8,0,0,0
15:01:11.371 CAN::Logger:560705,50,1025,0,0,8,174,158,0,0,69,0,0,0
15:01:11.375 CAN::Logger:560725,50,1024,0,0,8,1,0,12,0,0,0,0,0
15:01:11.379 CAN::Logger:560735,50,513,0,0,5,0,0,0,0,98
15:01:11.384 CAN::Logger:560745,49,768,0,0,8,3,90,100,90,100,0,100,37
15:01:11.387 CAN::Logger:560745,49,769,0,0,3,84,5,0
15:01:11.392 CAN::Logger:560745,50,515,0,0,8,0,0,0,0,0,0,0,0
15:01:11.396 CAN::Logger:560775,50,518,0,0,8,0,0,0,0,0,0,0,0
15:01:11.401 CAN::Logger:560795,49,768,0,0,8,3,90,100,90,100,0,100,54
15:01:11.404 CAN::Logger:560795,49,769,0,0,3,245,6,0
15:01:11.409 CAN::Logger:560805,50,1025,0,0,8,174,158,0,0,70,0,0,0
15:01:11.414 CAN::Logger:560825,50,1024,0,0,8,1,0,12,0,0,0,0,0
15:01:11.417 CAN::Logger:560835,50,513,0,0,5,0,0,0,0,98
15:01:11.912 CAN::Logger:560845,49,768,0,0,8,3,90,100,90,100,0,100,39
15:01:11.915 CAN::Logger:560845,49,769,0,0,3,184,7,0
15:01:11.916 CAN::Logger:560845,50,515,0,0,8,0,0,0,0,0,0,0,0
15:01:11.918 CAN::Logger:560875,50,518,0,0,8,0,0,0,0,0,0,0,0
15:01:11.923 CAN::Logger:560895,49,768,0,0,8,3,90,100,90,100,0,100,184
15:01:11.926 CAN::Logger:560895,49,769,0,0,3,128,8,0
15:01:11.931 CAN::Logger:560905,50,1025,0,0,8,174,158,0,0,70,0,0,0
15:01:11.936 CAN::Logger:560925,50,1024,0,0,8,1,0,12,0,0,0,0,0
15:01:11.939 CAN::Logger:560935,50,513,0,0,5,0,0,0,0,98
15:01:11.945 CAN::Logger:560945,49,768,0,0,8,3,90,100,90,100,0,100,169
15:01:11.948 CAN::Logger:560945,49,769,0,0,3,136,9,0
15:01:11.952 CAN::Logger:560945,50,515,0,0,8,0,0,0,0,0,0,0,0
15:01:11.957 CAN::Logger:560975,50,518,0,0,8,0,0,0,0,0,0,0,0
15:01:11.962 CAN::Logger:560995,49,768,0,0,8,3,90,100,90,100,0,100,186
15:01:11.965 CAN::Logger:560995,49,769,0,0,3,198,10,0
15:01:11.970 CAN::Logger:561005,50,1025,0,0,8,174,158,0,0,69,0,0,0
15:01:11.975 CAN::Logger:561025,50,1024,0,0,8,1,0,12,0,0,0,0,0
15:01:11.978 CAN::Logger:561035,50,513,0,0,5,0,0,0,0,98
15:01:11.983 CAN::Logger:561045,49,768,0,0,8,3,90,100,90,100,0,100,171
15:01:11.987 CAN::Logger:561045,49,769,0,0,3,67,11,0
15:01:11.991 CAN::Logger:561045,50,515,0,0,8,0,0,0,0,0,0,0,0
15:01:11.996 CAN::Logger:561075,50,518,0,0,8,0,0,0,0,0,0,0,0
15:01:12.001 CAN::Logger:561095,49,768,0,0,8,3,90,100,90,100,0,100,188
15:01:12.004 CAN::Logger:561095,49,769,0,0,3,181,12,0
15:01:12.009 CAN::Logger:561105,50,1025,0,0,8,174,158,0,0,69,0,0,0
15:01:12.013 CAN::Logger:561125,50,1024,0,0,8,1,0,12,0,0,0,0,0
15:01:12.017 CAN::Logger:561135,50,513,0,0,5,0,0,0,0,98
15:01:12.022 CAN::Logger:561145,49,768,0,0,8,3,90,100,90,100,0,100,173
15:01:12.026 CAN::Logger:561145,49,769,0,0,3,78,13,0
15:01:12.030 CAN::Logger:561145,50,515,0,0,8,0,0,0,0,0,0,0,0
15:01:12.035 CAN::Logger:561175,50,518,0,0,8,0,0,0,0,0,0,0,0
15:01:12.039 CAN::Logger:561185,50,1027,0,0,8,100,0,0,0,64,227,9,0
15:01:12.044 CAN::Logger:561195,49,768,0,0,8,3,90,100,90,100,0,100,190
15:01:12.048 CAN::Logger:561195,49,769,0,0,3,29,14,0
15:01:12.053 CAN::Logger:561205,50,1025,0,0,8,176,158,0,0,69,0,0,0
15:01:12.057 CAN::Logger:561225,50,1024,0,0,8,1,0,12,0,0,0,0,0
15:01:12.061 CAN::Logger:561235,50,513,0,0,5,0,0,0,0,98
15:01:12.066 CAN::Logger:561245,49,768,0,0,8,3,90,100,90,100,0,100,175
15:01:12.070 CAN::Logger:561245,49,769,0,0,3,232,15,0
15:01:12.074 CAN::Logger:561245,50,515,0,0,8,0,0,0,0,0,0,0,0
15:01:12.078 CAN::Logger:561275,50,518,0,0,8,0,0,0,0,0,0,0,0
15:01:12.083 CAN::Logger:561295,49,768,0,0,8,3,90,100,90,100,0,100,48
15:01:12.087 CAN::Logger:561295,49,769,0,0,3,226,0,0
15:01:12.092 CAN::Logger:561305,50,1025,0,0,8,176,158,0,0,69,0,0,0
15:01:12.096 CAN::Logger:561325,50,1024,0,0,8,1,0,12,0,0,0,0,0
15:01:12.100 CAN::Logger:561335,50,513,0,0,5,0,0,0,0,98
15:01:12.105 CAN::Logger:561345,49,768,0,0,8,3,90,100,90,100,0,100,33
15:01:12.108 CAN::Logger:561345,49,769,0,0,3,179,1,0
15:01:12.113 CAN::Logger:561345,50,515,0,0,8,0,0,0,0,0,0,0,0
15:01:12.117 CAN::Logger:561375,50,518,0,0,8,0,0,0,0,0,0,0,0
15:01:12.122 CAN::Logger:561395,49,768,0,0,8,3,90,100,90,100,0,100,50
15:01:12.126 CAN::Logger:561395,49,769,0,0,3,107,2,0
15:01:12.130 CAN::Logger:561405,50,1025,0,0,8,176,158,0,0,69,0,0,0
15:01:12.135 CAN::Logger:561425,50,1024,0,0,8,1,0,12,0,0,0,0,0
15:01:12.139 CAN::Logger:561435,50,513,0,0,5,0,0,0,0,98
15:01:12.144 CAN::Logger:561445,49,768,0,0,8,3,90,100,90,100,0,100,35
15:01:12.147 CAN::Logger:561445,49,769,0,0,3,150,3,0
15:01:12.151 CAN::Logger:561445,50,515,0,0,8,0,0,0,0,0,0,0,0
15:01:12.156 CAN::Logger:561475,50,518,0,0,8,0,0,0,0,0,0,0,0
15:01:12.161 CAN::Logger:561495,49,768,0,0,8,3,90,100,90,100,0,100,52
15:01:12.164 CAN::Logger:561495,49,769,0,0,3,3,4,0
15:01:12.169 CAN::Logger:561505,50,1025,0,0,8,172,158,0,0,70,0,0,0
15:01:12.173 CAN::Logger:561525,50,1024,0,0,8,1,0,12,0,0,0,0,0
15:01:12.177 CAN::Logger:561535,50,513,0,0,5,0,0,0,0,98
15:01:12.182 CAN::Logger:561545,49,768,0,0,8,3,90,100,90,100,0,100,37
15:01:12.186 CAN::Logger:561545,49,769,0,0,3,84,5,0
15:01:12.190 CAN::Logger:561545,50,515,0,0,8,0,0,0,0,0,0,0,0
15:01:12.194 CAN::Logger:561575,50,518,0,0,8,0,0,0,0,0,0,0,0
15:01:12.199 CAN::Logger:561595,49,768,0,0,8,3,90,100,90,100,0,100,54
15:01:12.203 CAN::Logger:561595,49,769,0,0,3,245,6,0
15:01:12.207 CAN::Logger:561605,50,1025,0,0,8,172,158,0,0,70,0,0,0
15:01:12.212 CAN::Logger:561625,50,1024,0,0,8,1,0,12,0,0,0,0,0
15:01:12.216 CAN::Logger:561635,50,513,0,0,5,0,0,0,0,98
15:01:12.221 CAN::Logger:561645,49,768,0,0,8,3,90,100,90,100,0,100,39
15:01:12.224 CAN::Logger:561645,49,769,0,0,3,184,7,0
15:01:12.229 CAN::Logger:561645,50,515,0,0,8,0,0,0,0,0,0,0,0
15:01:12.233 CAN::Logger:561665,50,516,0,0,8,0,0,0,0,0,0,0,0
15:01:12.237 CAN::Logger:561675,50,518,0,0,8,0,0,0,0,0,0,0,0
15:01:12.242 CAN::Logger:561675,50,514,0,0,8,226,21,0,0,17,128,5,0
15:01:12.247 CAN::Logger:561695,50,1026,0,0,8,87,0,0,0,144,148,8,0
15:01:12.252 CAN::Logger:561695,49,768,0,0,8,3,90,100,90,100,0,100,184
15:01:12.255 CAN::Logger:561695,49,769,0,0,3,128,8,0
15:01:12.260 CAN::Logger:561715,50,1025,0,0,8,174,158,0,0,70,0,0,0
15:01:12.265 CAN::Logger:561735,50,1024,0,0,8,1,0,12,0,0,0,0,0
15:01:12.268 CAN::Logger:561735,50,513,0,0,5,0,0,0,0,98
15:01:12.273 CAN::Logger:561745,49,768,0,0,8,3,90,100,90,100,0,100,169
15:01:12.277 CAN::Logger:561745,49,769,0,0,3,136,9,0
15:01:12.281 CAN::Logger:561745,50,515,0,0,8,0,0,0,0,0,0,0,0
15:01:12.772 CAN::Logger:561775,50,518,0,0,8,0,0,0,0,0,0,0,0
15:01:12.773 CAN::Logger:561795,49,768,0,0,8,3,90,100,90,100,0,100,186
15:01:12.774 CAN::Logger:561795,49,769,0,0,3,198,10,0
15:01:12.778 CAN::Logger:561815,50,1025,0,0,8,174,158,0,0,70,0,0,0
15:01:12.783 CAN::Logger:561835,50,1024,0,0,8,1,0,12,0,0,0,0,0
15:01:12.787 CAN::Logger:561835,50,513,0,0,5,0,0,0,0,98
15:01:12.792 CAN::Logger:561845,49,768,0,0,8,3,90,100,90,100,0,100,171
15:01:12.795 CAN::Logger:561845,49,769,0,0,3,67,11,0
15:01:12.800 CAN::Logger:561845,50,515,0,0,8,0,0,0,0,0,0,0,0
15:01:12.804 CAN::Logger:561875,50,518,0,0,8,0,0,0,0,0,0,0,0
15:01:12.809 CAN::Logger:561895,49,768,0,0,8,3,90,100,90,100,0,100,188
15:01:12.813 CAN::Logger:561895,49,769,0,0,3,181,12,0
15:01:12.817 CAN::Logger:561915,50,1025,0,0,8,174,158,0,0,70,0,0,0
15:01:12.822 CAN::Logger:561935,50,1024,0,0,8,1,0,12,0,0,0,0,0
15:01:12.826 CAN::Logger:561935,50,513,0,0,5,0,0,0,0,98
15:01:12.831 CAN::Logger:561945,49,768,0,0,8,3,90,100,90,100,0,100,173
15:01:12.834 CAN::Logger:561945,49,769,0,0,3,78,13,0
15:01:12.838 CAN::Logger:561945,50,515,0,0,8,0,0,0,0,0,0,0,0
15:01:12.843 CAN::Logger:561975,50,518,0,0,8,0,0,0,0,0,0,0,0
15:01:12.848 CAN::Logger:561995,49,768,0,0,8,3,90,100,90,100,0,100,190
15:01:12.851 CAN::Logger:561995,49,769,0,0,3,29,14,0
15:01:12.856 CAN::Logger:562015,50,1025,0,0,8,178,158,0,0,70,0,0,0
15:01:12.861 CAN::Logger:562035,50,1024,0,0,8,1,0,12,0,0,0,0,0
15:01:12.864 CAN::Logger:562035,50,513,0,0,5,0,0,0,0,98
15:01:12.870 CAN::Logger:562045,49,768,0,0,8,3,90,100,90,100,0,100,175
15:01:12.873 CAN::Logger:562045,49,769,0,0,3,232,15,0
15:01:12.877 CAN::Logger:562045,50,515,0,0,8,0,0,0,0,0,0,0,0
15:01:12.882 CAN::Logger:562075,50,518,0,0,8,0,0,0,0,0,0,0,0
15:01:12.887 CAN::Logger:562095,49,768,0,0,8,3,90,100,90,100,0,100,48
15:01:12.890 CAN::Logger:562095,49,769,0,0,3,226,0,0
15:01:12.895 CAN::Logger:562115,50,1025,0,0,8,178,158,0,0,70,0,0,0
15:01:12.900 CAN::Logger:562135,50,1024,0,0,8,1,0,12,0,0,0,0,0
15:01:12.903 CAN::Logger:562135,50,513,0,0,5,0,0,0,0,98
15:01:12.908 CAN::Logger:562145,49,768,0,0,8,3,90,100,90,100,0,100,33
15:01:12.912 CAN::Logger:562145,49,769,0,0,3,179,1,0
15:01:12.916 CAN::Logger:562145,50,515,0,0,8,0,0,0,0,0,0,0,0
15:01:12.920 CAN::Logger:562175,50,518,0,0,8,0,0,0,0,0,0,0,0
15:01:12.925 CAN::Logger:562195,50,1027,0,0,8,100,0,0,0,64,227,9,0
15:01:12.930 CAN::Logger:562195,49,768,0,0,8,3,90,100,90,100,0,100,50
15:01:12.934 CAN::Logger:562195,49,769,0,0,3,107,2,0
15:01:12.939 CAN::Logger:562215,50,1025,0,0,8,176,158,0,0,70,0,0,0
15:01:12.943 CAN::Logger:562235,50,1024,0,0,8,1,0,12,0,0,0,0,0
15:01:12.947 CAN::Logger:562235,50,513,0,0,5,0,0,0,0,98
15:01:12.952 CAN::Logger:562245,49,768,0,0,8,3,90,100,90,100,0,100,35
15:01:12.955 CAN::Logger:562245,49,769,0,0,3,150,3,0
15:01:12.960 CAN::Logger:562245,50,515,0,0,8,0,0,0,0,0,0,0,0
15:01:12.964 CAN::Logger:562275,50,518,0,0,8,0,0,0,0,0,0,0,0
15:01:12.969 CAN::Logger:562295,49,768,0,0,8,3,90,100,90,100,0,100,52
15:01:12.972 CAN::Logger:562295,49,769,0,0,3,3,4,0
15:01:12.977 CAN::Logger:562315,50,1025,0,0,8,176,158,0,0,69,0,0,0
15:01:12.982 CAN::Logger:562335,50,1024,0,0,8,1,0,12,0,0,0,0,0
15:01:12.985 CAN::Logger:562335,50,513,0,0,5,0,0,0,0,98
15:01:12.990 CAN::Logger:562345,49,768,0,0,8,3,90,100,90,100,0,100,37
15:01:12.994 CAN::Logger:562345,49,769,0,0,3,84,5,0
15:01:12.998 CAN::Logger:562345,50,515,0,0,8,0,0,0,0,0,0,0,0
15:01:13.002 CAN::Logger:562375,50,518,0,0,8,0,0,0,0,0,0,0,0
15:01:13.007 CAN::Logger:562395,49,768,0,0,8,3,90,100,90,100,0,100,54
15:01:13.011 CAN::Logger:562395,49,769,0,0,3,245,6,0
15:01:13.016 CAN::Logger:562415,50,1025,0,0,8,176,158,0,0,69,0,0,0
15:01:13.020 CAN::Logger:562435,50,1024,0,0,8,1,0,12,0,0,0,0,0
15:01:13.024 CAN::Logger:562435,50,513,0,0,5,0,0,0,0,98
15:01:13.029 CAN::Logger:562445,49,768,0,0,8,3,90,100,90,100,0,100,39
15:01:13.033 CAN::Logger:562445,49,769,0,0,3,184,7,0
15:01:13.037 CAN::Logger:562445,50,515,0,0,8,0,0,0,0,0,0,0,0
15:01:13.041 CAN::Logger:562475,50,518,0,0,8,0,0,0,0,0,0,0,0
15:01:13.046 CAN::Logger:562495,49,768,0,0,8,3,90,100,90,100,0,100,184
15:01:13.050 CAN::Logger:562495,49,769,0,0,3,128,8,0
15:01:13.055 CAN::Logger:562515,50,1025,0,0,8,176,158,0,0,69,0,0,0
15:01:13.059 CAN::Logger:562535,50,1024,0,0,8,1,0,12,0,0,0,0,0
15:01:13.063 CAN::Logger:562535,50,513,0,0,5,0,0,0,0,98
15:01:13.068 CAN::Logger:562545,49,768,0,0,8,3,90,100,90,100,0,100,169
15:01:13.071 CAN::Logger:562545,49,769,0,0,3,136,9,0
15:01:13.076 CAN::Logger:562545,50,515,0,0,8,0,0,0,0,0,0,0,0
15:01:13.080 CAN::Logger:562575,50,518,0,0,8,0,0,0,0,0,0,0,0
15:01:13.085 CAN::Logger:562595,49,768,0,0,8,3,90,100,90,100,0,100,186
15:01:13.089 CAN::Logger:562595,49,769,0,0,3,198,10,0
15:01:13.093 CAN::Logger:562615,50,1025,0,0,8,176,158,0,0,69,0,0,0
15:01:13.592 CAN::Logger:562635,50,1024,0,0,8,1,0,12,0,0,0,0,0
15:01:13.593 CAN::Logger:562635,50,513,0,0,5,0,0,0,0,98
15:01:13.594 CAN::Logger:562645,49,768,0,0,8,3,90,100,90,100,0,100,171
15:01:13.597 CAN::Logger:562645,49,769,0,0,3,67,11,0
15:01:13.602 CAN::Logger:562645,50,515,0,0,8,0,0,0,0,0,0,0,0
15:01:13.606 CAN::Logger:562665,50,516,0,0,8,0,0,0,0,0,0,0,0
15:01:13.610 CAN::Logger:562675,50,518,0,0,8,0,0,0,0,0,0,0,0
15:01:13.615 CAN::Logger:562675,50,514,0,0,8,226,20,0,0,17,128,5,0
15:01:13.620 CAN::Logger:562695,50,1026,0,0,8,87,0,0,0,144,148,8,0
15:01:13.625 CAN::Logger:562695,49,768,0,0,8,3,90,100,90,100,0,100,188
15:01:13.629 CAN::Logger:562695,49,769,0,0,3,181,12,0
15:01:13.633 CAN::Logger:562715,50,1025,0,0,8,176,158,0,0,69,0,0,0
15:01:13.638 CAN::Logger:562735,50,1024,0,0,8,1,0,12,0,0,0,0,0
15:01:13.642 CAN::Logger:562735,50,513,0,0,5,0,0,0,0,98
15:01:13.647 CAN::Logger:562745,49,768,0,0,8,3,90,100,90,100,0,100,173
15:01:13.650 CAN::Logger:562745,49,769,0,0,3,78,13,0
15:01:13.654 CAN::Logger:562745,50,515,0,0,8,0,0,0,0,0,0,0,0
15:01:13.659 CAN::Logger:562775,50,518,0,0,8,0,0,0,0,0,0,0,0
15:01:13.664 CAN::Logger:562795,49,768,0,0,8,3,90,100,90,100,0,100,190
15:01:13.667 CAN::Logger:562795,49,769,0,0,3,29,14,0
15:01:13.672 CAN::Logger:562815,50,1025,0,0,8,176,158,0,0,69,0,0,0
15:01:13.677 CAN::Logger:562835,50,1024,0,0,8,1,0,12,0,0,0,0,0
15:01:13.680 CAN::Logger:562835,50,513,0,0,5,0,0,0,0,98
15:01:13.686 CAN::Logger:562845,49,768,0,0,8,3,90,100,90,100,0,100,175
15:01:13.689 CAN::Logger:562845,49,769,0,0,3,232,15,0
15:01:13.693 CAN::Logger:562845,50,515,0,0,8,0,0,0,0,0,0,0,0
15:01:13.698 CAN::Logger:562875,50,518,0,0,8,0,0,0,0,0,0,0,0
15:01:13.703 CAN::Logger:562895,49,768,0,0,8,3,90,100,90,100,0,100,48
15:01:13.706 CAN::Logger:562895,49,769,0,0,3,226,0,0
15:01:13.711 CAN::Logger:562915,50,1025,0,0,8,176,158,0,0,69,0,0,0
15:01:13.715 CAN::Logger:562935,50,1024,0,0,8,1,0,12,0,0,0,0,0
15:01:13.719 CAN::Logger:562935,50,513,0,0,5,0,0,0,0,98
15:01:13.724 CAN::Logger:562945,49,768,0,0,8,3,90,100,90,100,0,100,33
15:01:13.728 CAN::Logger:562945,49,769,0,0,3,179,1,0
15:01:13.732 CAN::Logger:562945,50,515,0,0,8,0,0,0,0,0,0,0,0
15:01:13.736 CAN::Logger:562975,50,518,0,0,8,0,0,0,0,0,0,0,0
15:01:13.741 CAN::Logger:562995,49,768,0,0,8,3,90,100,90,100,0,100,50
15:01:13.745 CAN::Logger:562995,49,769,0,0,3,107,2,0
15:01:13.750 CAN::Logger:563015,50,1025,0,0,8,176,158,0,0,69,0,0,0
15:01:13.754 CAN::Logger:563035,50,1024,0,0,8,1,0,12,0,0,0,0,0
15:01:13.758 CAN::Logger:563035,50,513,0,0,5,0,0,0,0,98
15:01:13.763 CAN::Logger:563045,49,768,0,0,8,3,90,100,90,100,0,100,35
15:01:13.767 CAN::Logger:563045,49,769,0,0,3,150,3,0
15:01:13.771 CAN::Logger:563045,50,515,0,0,8,0,0,0,0,0,0,0,0
15:01:13.775 CAN::Logger:563075,50,518,0,0,8,0,0,0,0,0,0,0,0
15:01:13.780 CAN::Logger:563095,49,768,0,0,8,3,90,100,90,100,0,100,52
15:01:13.784 CAN::Logger:563095,49,769,0,0,3,3,4,0
15:01:13.788 CAN::Logger:563115,50,1025,0,0,8,176,158,0,0,69,0,0,0
15:01:13.793 CAN::Logger:563135,50,1024,0,0,8,1,0,12,0,0,0,0,0
15:01:13.797 CAN::Logger:563135,50,513,0,0,5,0,0,0,0,98
15:01:13.803 CAN::Logger:563145,49,768,0,0,8,3,90,100,90,100,0,100,37
15:01:13.805 CAN::Logger:563145,49,769,0,0,3,84,5,0
15:01:13.809 CAN::Logger:563145,50,515,0,0,8,0,0,0,0,0,0,0,0
15:01:13.814 CAN::Logger:563175,50,518,0,0,8,0,0,0,0,0,0,0,0
15:01:13.818 CAN::Logger:563195,50,1027,0,0,8,100,0,0,0,64,227,9,0
15:01:13.823 CAN::Logger:563195,49,768,0,0,8,3,90,100,90,100,0,100,54
15:01:13.827 CAN::Logger:563195,49,769,0,0,3,245,6,0
15:01:13.832 CAN::Logger:563215,50,1025,0,0,8,176,158,0,0,69,0,0,0
15:01:13.836 CAN::Logger:563235,50,1024,0,0,8,1,0,12,0,0,0,0,0
15:01:13.840 CAN::Logger:563235,50,513,0,0,5,0,0,0,0,98
15:01:13.845 CAN::Logger:563245,49,768,0,0,8,3,90,100,90,100,0,100,39
15:01:13.849 CAN::Logger:563245,49,769,0,0,3,184,7,0
15:01:13.853 CAN::Logger:563245,50,515,0,0,8,0,0,0,0,0,0,0,0
15:01:13.857 CAN::Logger:563275,50,518,0,0,8,0,0,0,0,0,0,0,0
15:01:13.862 CAN::Logger:563295,49,768,0,0,8,3,90,100,90,100,0,100,184
15:01:13.866 CAN::Logger:563295,49,769,0,0,3,128,8,0
15:01:13.871 CAN::Logger:563315,50,1025,0,0,8,176,158,0,0,70,0,0,0
15:01:13.875 CAN::Logger:563335,50,1024,0,0,8,1,0,12,0,0,0,0,0
15:01:13.879 CAN::Logger:563335,50,513,0,0,5,0,0,0,0,98
15:01:13.884 CAN::Logger:563345,49,768,0,0,8,3,90,100,90,100,0,100,169
15:01:13.887 CAN::Logger:563345,49,769,0,0,3,136,9,0
15:01:13.892 CAN::Logger:563345,50,515,0,0,8,0,0,0,0,0,0,0,0
15:01:13.896 CAN::Logger:563375,50,518,0,0,8,0,0,0,0,0,0,0,0
15:01:13.901 CAN::Logger:563395,49,768,0,0,8,3,90,100,90,100,0,100,186
15:01:13.905 CAN::Logger:563395,49,769,0,0,3,198,10,0
15:01:13.909 CAN::Logger:563415,50,1025,0,0,8,176,158,0,0,70,0,0,0
15:01:13.944 CAN::Logger:563435,50,1024,0,0,8,1,0,12,0,0,0,0,0
15:01:14.016 CAN::Logger:563435,50,513,0,0,5,0,0,0,0,98
15:01:14.442 CAN::Logger:563445,49,768,0,0,8,3,90,100,90,100,0,100,171
15:01:14.512 CAN::Logger:563445,49,769,0,0,3,67,11,0
15:01:14.584 CAN::Logger:563545,49,769,0,0,3,78,13,0
15:01:14.657 CAN::Logger:563645,49,768,0,0,8,3,90,100,90,100,0,100,175
15:01:14.732 CAN::Logger:563695,50,1637,0,0,8,0,0,0,83,76,24,83,0
15:01:14.804 CAN::Logger:563775,50,518,0,0,8,0,0,0,0,0,0,0,0
15:01:14.876 CAN::Logger:563875,50,518,0,0,8,0,0,0,0,0,0,0,0
15:01:14.952 CAN::Logger:563975,50,518,0,0,8,0,0,0,0,0,0,0,0
15:01:15.028 CAN::Logger:564095,49,768,0,0,8,3,90,100,90,100,0,100,184
15:01:15.104 CAN::Logger:564195,50,1027,0,0,8,100,0,0,0,64,227,9,0
15:01:15.177 0,0,0,0,0,0,0
15:01:15.603 CAN::Logger:564295,49,768,0,0,8,3,90,100,90,100,0,100,188
15:01:15.673 CAN::Logger:564295,49,769,0,0,3,181,12,0
15:01:15.746 CAN::Logger:564395,49,769,0,0,3,29,14,0
15:01:15.817 CAN::Logger:564495,49,769,0,0,3,226,0,0
15:01:15.889 CAN::Logger:564595,49,768,0,0,8,3,90,100,90,100,0,100,50
15:01:15.961 CAN::Logger:564675,50,518,0,0,8,0,0,0,0,0,0,0,0
15:01:16.033 CAN::Logger:564745,49,768,0,0,8,3,90,100,90,100,0,100,37
15:01:16.105 CAN::Logger:564845,49,768,0,0,8,3,90,100,90,100,0,100,39
15:01:16.177 CAN::Logger:564935,50,1024,0,0,8,1,0,12,0,0,0,0,0
15:01:16.249 CAN::Logger:565035,50,513,0,0,5,0,0,0,0,98
15:01:16.321 CAN::Logger:565115,50,1025,0,0,8,178,158,0,0,69,0,0,0
15:01:16.393 CAN::Logger:565195,50,1027,0,0,8,100,0,0,0,64,227,9,0
15:01:16.466 CAN::Logger:565295,49,768,0,0,8,3,90,100,90,100,0,100,48
15:01:16.539 CAN::Logger:565395,49,768,0,0,8,3,90,100,90,100,0,100,50
15:01:17.032 CAN::Logger:565475,50,518,0,0,8,0,0,0,0,0,0,0,0
15:01:17.105 CAN::Logger:565495,49,768,0,0,8,3,90,100,90,100,0,100,52
15:01:17.177 CAN::Logger:565595,49,768,0,0,8,3,90,100,90,100,0,100,54
15:01:17.249 CAN::Logger:565675,50,518,0,0,8,0,0,0,0,0,0,0,0
15:01:17.322 CAN::Logger:565745,49,768,0,0,8,3,90,100,90,100,0,100,169
15:01:17.393 CAN::Logger:565845,49,768,0,0,8,3,90,100,90,100,0,100,171
15:01:17.465 CAN::Logger:565935,50,1024,0,0,8,1,0,12,0,0,0,0,0
15:01:17.537 CAN::Logger:566045,50,1024,0,0,8,1,0,12,0,0,0,0,0
15:01:17.609 CAN::Logger:566145,50,1024,0,0,8,1,0,12,0,0,0,0,0
15:01:17.681 CAN::Logger:566225,50,1025,0,0,8,178,158,0,0,69,0,0,0
15:01:17.753 CAN::Logger:566325,50,1025,0,0,8,178,158,0,0,69,0,0,0
15:01:17.827 CAN::Logger:566425,50,1025,0,0,8,178,158,0,0,69,0,0,0
15:01:17.897 CAN::Logger:566525,50,1025,0,0,8,178,158,0,0,69,0,0,0
15:01:17.969 CAN::Logger:566595,49,768,0,0,8,3,90,100,90,100,0,100,186
15:01:18.041 CAN::Logger:566675,50,518,0,0,8,0,0,0,0,0,0,0,0
15:01:18.113 CAN::Logger:566725,50,1025,0,0,8,178,158,0,0,69,0,0,0
15:01:18.185 CAN::Logger:566825,50,1025,0,0,8,178,158,0,0,69,0,0,0
15:01:18.672 CAN::Logger:566895,49,768,0,0,8,3,90,100,90,100,0,100,48
15:01:18.745 CAN::Logger:566895,49,769,0,0,3,226,0,0
15:01:18.817 CAN::Logger:566995,49,769,0,0,3,107,2,0
15:01:18.889 CAN::Logger:567095,49,769,0,0,3,3,4,0
15:01:18.962 CAN::Logger:567195,49,769,0,0,3,245,6,0
15:01:19.033 CAN::Logger:567275,50,1029,0,0,8,74,0,0,0,6,0,0,0
15:01:19.105 CAN::Logger:567335,50,513,0,0,5,0,0,0,0,98
15:01:19.177 CAN::Logger:567395,49,769,0,0,3,198,10,0
15:01:19.249 CAN::Logger:567445,49,768,0,0,8,3,90,100,90,100,0,100,171
15:01:19.329 CAN::Logger:567495,49,769,0,0,3,181,12,0
15:01:19.403 CAN::Logger:567575,50,518,0,0,8,0,0,0,0,0,0,0,0
15:01:19.473 CAN::Logger:567645,50,1024,0,0,8,1,0,12,0,0,0,0,0
15:01:19.545 CAN::Logger:567675,50,514,0,0,8,226,20,0,0,17,128,5,0
15:01:19.616 025,0,0,8,178,158,0,0,69,0,0,0
15:01:19.689 CAN::Logger:567775,50,1029,0,0,8,80,0,0,0,128,0,127,0
15:01:19.761 CAN::Logger:567835,50,513,0,0,5,0,0,0,0,98
15:01:19.833 CAN::Logger:567895,49,768,0,0,8,3,90,100,90,100,0,100,52
15:01:19.907 CAN::Logger:567945,49,769,0,0,3,84,5,0
15:01:19.977 CAN::Logger:568045,49,769,0,0,3,184,7,0
15:01:20.049 CAN::Logger:568145,49,769,0,0,3,136,9,0
15:01:20.121 CAN::Logger:568245,50,1024,0,0,8,1,0,12,0,0,0,0,0
15:01:20.233 CAN::Logger:568345,50,1024,0,0,8,1,0,12,0,0,0,0,0
15:01:20.722 CAN::Logger:568525,50,1025,0,0,8,180,158,0,0,70,0,0,0
15:01:20.801 CAN::Logger:568535,50,513,0,0,5,0,0,0,0,98
15:01:20.881 CAN::Logger:568645,49,768,0,0,8,3,90,100,90,100,0,100,35
15:01:20.961 CAN::Logger:568735,50,513,0,0,5,0,0,0,0,98
15:01:21.041 CAN::Logger:568845,50,1024,0,0,8,1,0,12,0,0,0,0,0
15:01:21.126 CAN::Logger:568945,49,769,0,0,3,136,9,0
15:01:21.205 CAN::Logger:569095,49,768,0,0,8,3,90,100,90,100,0,100,188
15:01:21.285 CAN::Logger:569175,50,518,0,0,8,0,0,0,0,0,0,0,0
15:01:21.365 CAN::Logger:569295,49,768,0,0,8,3,90,100,90,100,0,100,48
15:01:21.445 CAN::Logger:569395,49,769,0,0,3,107,2,0
15:01:21.525 CAN::Logger:569535,50,513,0,0,5,0,0,0,0,98
15:01:21.609 CAN::Logger:569645,50,1024,0,0,8,1,0,12,0,0,0,0,0
15:01:21.689 CAN::Logger:569715,50,512,0,0,8,87,0,214,148,8,0,0,0
15:01:21.769 CAN::Logger:569825,50,1025,0,0,8,182,158,0,0,69,0,0,0
15:01:21.849 CAN::Logger:569935,50,513,0,0,5,0,0,0,0,98
15:01:21.929 CAN::Logger:570045,50,1024,0,0,8,1,0,12,0,0,0,0,0
15:01:22.009 CAN::Logger:570145,50,1024,0,0,8,1,0,12,0,0,0,0,0
15:01:22.089 CAN::Logger:570255,50,515,0,0,8,0,0,0,0,0,0,0,0
15:01:22.169 CAN::Logger:570375,50,518,0,0,8,0,0,0,0,0,0,0,0
15:01:22.249 CAN::Logger:570495,49,769,0,0,3,128,8,0
15:01:22.732 CAN::Logger:570575,50,518,0,0,8,0,0,0,0,0,0,0,0
15:01:22.813 CAN::Logger:570595,49,768,0,0,8,3,90,100,90,100,0,100,186
15:01:22.893 CAN::Logger:570695,49,768,0,0,8,3,90,100,90,100,0,100,188
15:01:22.974 CAN::Logger:570795,49,768,0,0,8,3,90,100,90,100,0,100,190
15:01:23.053 CAN::Logger:570935,50,1025,0,0,8,184,158,0,0,70,0,0,0
15:01:23.133 CAN::Logger:571035,50,513,0,0,5,0,0,0,0,98
15:01:23.213 CAN::Logger:571145,49,768,0,0,8,3,90,100,90,100,0,100,37
15:01:23.293 CAN::Logger:571255,49,769,0,0,3,184,7,0
15:01:23.373 CAN::Logger:571355,50,515,0,0,8,0,0,0,0,0,0,0,0
15:01:23.453 CAN::Logger:571475,50,518,0,0,8,0,0,0,0,0,0,0,0
15:01:23.533 CAN::Logger:571595,49,768,0,0,8,3,90,100,90,100,0,100,190
15:01:23.613 CAN::Logger:571695,49,768,0,0,8,3,90,100,90,100,0,100,48
15:01:23.693 CAN::Logger:571795,49,768,0,0,8,3,90,100,90,100,0,100,50
15:01:23.773 CAN::Logger:571895,49,769,0,0,3,3,4,0
15:01:23.853 CAN::Logger:572045,50,513,0,0,5,0,0,0,0,98
15:01:23.937 CAN::Logger:572145,49,768,0,0,8,3,90,100,90,100,0,100,169
15:01:24.017 CAN::Logger:572255,50,515,0,0,8,0,0,0,0,0,0,0,0
15:01:24.097 CAN::Logger:572355,50,1024,0,0,8,1,0,12,0,0,0,0,0
15:01:24.177 475,50,518,0,0,8,0,0,0,0,0,0,0,0
15:01:24.662 CAN::Logger:572595,49,768,0,0,8,3,90,100,90,100,0,100,50
15:01:24.740 CAN::Logger:572595,49,769,0,0,3,107,2,0
15:01:24.821 CAN::Logger:572695,49,768,0,0,8,3,90,100,90,100,0,100,52
15:01:24.902 CAN::Logger:572755,50,1024,0,0,8,1,0,12,0,0,0,0,0
15:01:24.981 CAN::Logger:572875,50,518,0,0,8,0,0,0,0,0,0,0,0
15:01:25.061 CAN::Logger:572995,49,769,0,0,3,198,10,0
15:01:25.146 CAN::Logger:573135,50,1025,0,0,8,184,158,0,0,69,0,0,0
15:01:25.225 CAN::Logger:573255,49,768,0,0,8,3,90,100,90,100,0,100,175
15:01:25.305 CAN::Logger:573345,49,769,0,0,3,179,1,0
15:01:25.384 CAN::Logger:573455,50,515,0,0,8,0,0,0,0,0,0,0,0
15:01:25.464 CAN::Logger:573575,50,518,0,0,8,0,0,0,0,0,0,0,0
15:01:25.545 CAN::Logger:573675,50,514,0,0,8,226,20,0,0,17,128,5,0
15:01:25.627 CAN::Logger:573775,50,518,0,0,8,0,0,0,0,0,0,0,0
15:01:25.705 CAN::Logger:573895,49,769,0,0,3,181,12,0
15:01:25.785 CAN::Logger:574035,50,1025,0,0,8,184,158,0,0,69,0,0,0
15:01:25.865 CAN::Logger:574145,49,768,0,0,8,3,90,100,90,100,0,100,33
15:01:25.946 CAN::Logger:574255,49,768,0,0,8,3,90,100,90,100,0,100,35
15:01:26.025 ,3,84,5,0
15:01:26.105 CAN::Logger:574455,50,1024,0,0,8,1,0,12,0,0,0,0,0
15:01:26.185 D (576025) DiagnosticsService: Memory free: IRAM: 190972, DRAM: 190972[0m
15:01:26.572 CAN::Logger:574535,50,1025,0,0,8,184,158,0,0,70,0,0,0
15:01:26.652 CAN::Logger:574545,50,513,0,0,5,0,0,0,0,98
15:01:26.733 CAN::Logger:574645,49,769,0,0,3,67,11,0
15:01:26.813 CAN::Logger:574745,49,768,0,0,8,3,90,100,90,100,0,100,173
15:01:26.893 CAN::Logger:574845,49,769,0,0,3,232,15,0
15:01:27.017 CAN::Logger:574955,50,515,0,0,8,0,0,0,0,0,0,0,0
15:01:27.105 CAN::Logger:575195,49,768,0,0,8,3,90,100,90,100,0,100,54
15:01:27.194 CAN::Logger:575295,49,768,0,0,8,3,90,100,90,100,0,100,184
15:01:27.281 CAN::Logger:575375,50,518,0,0,8,0,0,0,0,0,0,0,0
15:01:27.369 CAN::Logger:575455,49,1028,0,0,2,33,0
15:01:27.456 CAN::Logger:575545,49,768,0,0,8,3,90,100,90,100,0,100,173
15:01:27.545 CAN::Logger:575645,50,513,0,0,5,0,0,0,0,98
15:01:27.633 CAN::Logger:575685,50,1638,0,0,8,82,8,5,0,82,149,54,2
15:01:27.721 CAN::Logger:575745,49,768,0,0,8,3,90,100,90,100,0,100,33
15:01:27.809 CAN::Logger:575845,50,513,0,0,5,0,0,0,0,98
15:01:27.896 CAN::Logger:575925,49,1028,0,0,2,177,1
15:01:27.985 CAN::Logger:576045,49,768,0,0,8,3,90,100,90,100,0,100,39
15:01:28.075 CAN::Logger:576165,50,1024,0,0,8,1,0,12,0,0,0,0,0
15:01:28.160 CAN::Logger:576295,49,768,0,0,8,3,90,100,90,100,0,100,188
15:01:28.651 CAN::Logger:576445,50,513,0,0,5,0,0,0,0,98
15:01:28.744 CAN::Logger:576445,50,1025,0,0,8,184,158,0,0,70,0,0,0
15:01:28.833 CAN::Logger:576565,50,1024,0,0,8,1,0,12,0,0,0,0,0
15:01:28.921 CAN::Logger:576695,49,768,0,0,8,3,90,100,90,100,0,100,52
15:01:29.009 CAN::Logger:576845,50,1025,0,0,8,184,158,0,0,70,0,0,0
15:01:29.097 CAN::Logger:576955,50,515,0,0,8,0,0,0,0,0,0,0,0
15:01:29.185 CAN::Logger:577095,49,768,0,0,8,3,90,100,90,100,0,100,188
15:01:29.273 CAN::Logger:577245,50,1025,0,0,8,186,158,0,0,68,0,0,0
15:01:29.361 CAN::Logger:577355,50,515,0,0,8,0,0,0,0,0,0,0,0
15:01:29.449 CAN::Logger:577495,49,768,0,0,8,3,90,100,90,100,0,100,52
15:01:29.537 CAN::Logger:577645,49,768,0,0,8,3,90,100,90,100,0,100,39
15:01:29.625 CAN::Logger:577745,49,768,0,0,8,3,90,100,90,100,0,100,169
15:01:29.717 CAN::Logger:577865,50,1024,0,0,8,1,0,12,0,0,0,0,0
15:01:29.804 CAN::Logger:578045,50,513,0,0,5,0,0,0,0,98
15:01:29.897 CAN::Logger:578145,49,769,0,0,3,179,1,0
15:01:29.985 CAN::Logger:578295,49,768,0,0,8,3,90,100,90,100,0,100,52
15:01:30.073 CAN::Logger:578445,50,1025,0,0,8,186,158,0,0,69,0,0,0
